2019/01/10 00:00:00.000  -2148743.6646   4426640.7250   4044655.6104   6   7   1.6566   2.4299   2.7689  -1.4800   2.0635  -1.2074   0.00    0.0
2019/01/10 00:00:30.000  -2148743.6253   4426640.9191   4044655.1157   6   7   1.1589   1.6765   1.8439  -1.0195   1.3805  -0.8094   0.00    0.0
2019/01/10 00:01:00.000  -2148745.1081   4426641.6142   4044656.2249   6   7   0.9420   1.3558   1.4646  -0.8238   1.1004  -0.6461   0.00    0.0
2019/01/10 00:01:30.000  -2148745.2794   4426642.3212   4044656.8452   6   7   0.8142   1.1693   1.2484  -0.7104   0.9411  -0.5535   0.00    0.0
2019/01/10 00:02:00.000  -2148745.1843   4426640.6522   4044655.0344   6   7   0.7278   1.0445   1.1053  -0.6347   0.8360  -0.4926   0.00    0.0
2019/01/10 00:02:30.000  -2148744.7701   4426640.7078   4044654.4029   6   7   0.6645   0.9538   1.0021  -0.5799   0.7604  -0.4490   0.00    0.0
2019/01/10 00:03:00.000  -2148744.6343   4426640.9882   4044655.1256   6   7   0.6118   0.8741   0.9003  -0.5306   0.6866  -0.4063   0.00    0.0
2019/01/10 00:03:30.000  -2148744.4495   4426641.3208   4044655.2620   6   7   0.5639   0.7969   0.7879  -0.4813   0.6066  -0.3603   0.00    0.0
2019/01/10 00:04:00.000  -2148744.2807   4426640.0500   4044655.4024   6   7   0.5151   0.7137   0.6535  -0.4254   0.5137  -0.3081   0.00    0.0
2019/01/10 00:04:30.000  -2148744.0404   4426639.8835   4044654.9681   6   7   0.4593   0.6168   0.4954  -0.3570   0.4111  -0.2546   0.00    0.0
2019/01/10 00:05:00.000  -2148744.2077   4426640.4093   4044655.0008   6   7   0.4078   0.5294   0.3790  -0.2984   0.3406  -0.2241   0.00    0.0
2019/01/10 00:05:30.000  -2148744.1699   4426640.1866   4044655.0847   6   7   0.3880   0.5051   0.3589  -0.2853   0.3269  -0.2174   0.00    0.0
2019/01/10 00:06:00.000  -2148744.2417   4426640.2806   4044655.2643   6   7   0.3752   0.4916   0.3509  -0.2797   0.3209  -0.2141   0.00    0.0
2019/01/10 00:06:30.000  -2148744.3367   4426640.5253   4044655.4701   6   7   0.3650   0.4813   0.3457  -0.2759   0.3167  -0.2115   0.00    0.0
2019/01/10 00:07:00.000  -2148743.9558   4426640.5479   4044655.4229   6   7   0.3561   0.4726   0.3416  -0.2728   0.3134  -0.2093   0.00    0.0
2019/01/10 00:07:30.000  -2148744.0563   4426641.0505   4044655.4691   6   7   0.3481   0.4648   0.3383  -0.2701   0.3105  -0.2073   0.00    0.0
2019/01/10 00:08:00.000  -2148744.3393   4426641.2607   4044655.4795   6   7   0.3400   0.4563   0.3335  -0.2666   0.3068  -0.2051   0.00    0.0
2019/01/10 00:08:30.000  -2148744.4449   4426641.4695   4044655.4939   6   7   0.3311   0.4459   0.3260  -0.2615   0.3015  -0.2024   0.00    0.0
2019/01/10 00:09:00.000  -2148744.3911   4426641.4089   4044655.7840   6   7   0.3198   0.4305   0.3123  -0.2530   0.2925  -0.1987   0.00    0.0
2019/01/10 00:09:30.000  -2148744.3943   4426640.8750   4044655.4229   6   7   0.3023   0.4011   0.2841  -0.2364   0.2743  -0.1927   0.00    0.0
2019/01/10 00:10:00.000  -2148744.0851   4426640.6527   4044655.2216   6   7   0.2796   0.3541   0.2453  -0.2124   0.2463  -0.1839   0.00    0.0
2019/01/10 00:10:30.000  -2148744.0416   4426640.4387   4044655.2521   6   7   0.2714   0.3423   0.2371  -0.2074   0.2398  -0.1814   0.00    0.0
2019/01/10 00:11:00.000  -2148744.1766   4426640.5746   4044655.3602   6   7   0.2667   0.3373   0.2340  -0.2055   0.2373  -0.1799   0.00    0.0
2019/01/10 00:11:30.000  -2148744.3682   4426640.6022   4044655.3566   6   7   0.2630   0.3338   0.2322  -0.2044   0.2357  -0.1787   0.00    0.0
2019/01/10 00:12:00.000  -2148744.3630   4426640.8031   4044655.4403   6   7   0.2598   0.3311   0.2309  -0.2035   0.2344  -0.1776   0.00    0.0
2019/01/10 00:12:30.000  -2148744.4607   4426640.7249   4044655.4207   6   7   0.2568   0.3288   0.2299  -0.2028   0.2334  -0.1766   0.00    0.0
2019/01/10 00:13:00.000  -2148744.4588   4426640.5531   4044655.3821   6   7   0.2537   0.3258   0.2283  -0.2017   0.2320  -0.1755   0.00    0.0
2019/01/10 00:13:30.000  -2148744.5328   4426640.7726   4044655.4694   6   7   0.2501   0.3216   0.2258  -0.1999   0.2297  -0.1742   0.00    0.0
2019/01/10 00:14:00.000  -2148744.7357   4426641.0919   4044655.6678   6   7   0.2452   0.3139   0.2208  -0.1964   0.2253  -0.1722   0.00    0.0
2019/01/10 00:14:30.000  -2148744.7727   4426641.0948   4044655.7603   6   7   0.2364   0.2953   0.2083  -0.1873   0.2136  -0.1677   0.00    0.0
2019/01/10 00:15:00.000  -2148744.7251   4426640.9589   4044655.6673   6   7   0.2210   0.2585   0.1848  -0.1681   0.1899  -0.1571   0.00    0.0
2019/01/10 00:15:30.000  -2148744.8850   4426640.9870   4044655.8057   6   7   0.2156   0.2493   0.1788  -0.1635   0.1838  -0.1540   0.00    0.0
2019/01/10 00:16:00.000  -2148744.9774   4426641.1349   4044655.8434   6   7   0.2128   0.2458   0.1766  -0.1618   0.1816  -0.1525   0.00    0.0
2019/01/10 00:16:30.000  -2148744.8277   4426641.1152   4044655.7488   6   7   0.2106   0.2438   0.1753  -0.1608   0.1803  -0.1514   0.00    0.0
2019/01/10 00:17:00.000  -2148744.7787   4426641.0480   4044655.7195   6   7   0.2088   0.2423   0.1744  -0.1601   0.1795  -0.1505   0.00    0.0
2019/01/10 00:17:30.000  -2148744.6238   4426641.0994   4044655.7354   6   7   0.2071   0.2411   0.1737  -0.1595   0.1787  -0.1497   0.00    0.0
2019/01/10 00:18:00.000  -2148744.5774   4426641.0554   4044655.7252   6   7   0.2053   0.2395   0.1727  -0.1586   0.1777  -0.1487   0.00    0.0
2019/01/10 00:18:30.000  -2148744.4556   4426641.0398   4044655.6523   6   7   0.2031   0.2367   0.1709  -0.1571   0.1759  -0.1474   0.00    0.0
2019/01/10 00:19:00.000  -2148744.2461   4426641.0609   4044655.6299   6   7   0.1998   0.2312   0.1675  -0.1540   0.1721  -0.1452   0.00    0.0
2019/01/10 00:19:30.000  -2148744.3186   4426640.9941   4044655.6854   6   7   0.1930   0.2170   0.1584  -0.1459   0.1621  -0.1398   0.00    0.0
2019/01/10 00:20:00.000  -2148744.2781   4426640.9558   4044655.5576   6   7   0.1799   0.1882   0.1404  -0.1283   0.1417  -0.1283   0.00    0.0
2019/01/10 00:20:30.000  -2148744.2799   4426640.8623   4044655.5695   6   7   0.1755   0.1810   0.1355  -0.1239   0.1364  -0.1249   0.00    0.0
2019/01/10 00:21:00.000  -2148744.1693   4426640.8479   4044655.5336   6   7   0.1734   0.1784   0.1338  -0.1223   0.1345  -0.1235   0.00    0.0
2019/01/10 00:21:30.000  -2148744.2810   4426640.9908   4044655.6001   6   7   0.1719   0.1770   0.1328  -0.1214   0.1335  -0.1225   0.00    0.0
2019/01/10 00:22:00.000  -2148744.2236   4426641.0193   4044655.5758   6   7   0.1707   0.1760   0.1321  -0.1207   0.1328  -0.1218   0.00    0.0
2019/01/10 00:22:30.000  -2148744.2412   4426641.0646   4044655.6074   6   7   0.1696   0.1753   0.1316  -0.1203   0.1323  -0.1211   0.00    0.0
2019/01/10 00:23:00.000  -2148744.3047   4426641.1412   4044655.6512   6   7   0.1683   0.1742   0.1308  -0.1195   0.1315  -0.1203   0.00    0.0
2019/01/10 00:23:30.000  -2148744.4015   4426641.2266   4044655.7164   6   7   0.1667   0.1723   0.1295  -0.1182   0.1300  -0.1192   0.00    0.0
2019/01/10 00:24:00.000  -2148744.4834   4426641.3278   4044655.7323   6   7   0.1641   0.1684   0.1268  -0.1155   0.1270  -0.1170   0.00    0.0
2019/01/10 00:24:30.000  -2148744.4468   4426641.2842   4044655.6455   6   7   0.1585   0.1583   0.1201  -0.1086   0.1193  -0.1120   0.00    0.0
2019/01/10 00:25:00.000  -2148744.3393   4426641.0791   4044655.6532   6   7   0.1480   0.1380   0.1070  -0.0944   0.1042  -0.1022   0.00    0.0
2019/01/10 00:25:30.000  -2148744.4545   4426641.0837   4044655.7434   6   7   0.1443   0.1327   0.1033  -0.0906   0.1001  -0.0992   0.00    0.0
2019/01/10 00:26:00.000  -2148744.3598   4426641.0599   4044655.6825   6   7   0.1426   0.1308   0.1019  -0.0892   0.0986  -0.0979   0.00    0.0
2019/01/10 00:26:30.000  -2148744.3638   4426641.0799   4044655.6933   6   7   0.1415   0.1298   0.1011  -0.0884   0.0978  -0.0971   0.00    0.0
2019/01/10 00:27:00.000  -2148744.3792   4426641.0745   4044655.6899   6   7   0.1406   0.1292   0.1006  -0.0879   0.0973  -0.0965   0.00    0.0
2019/01/10 00:27:30.000  -2148744.3437   4426641.0589   4044655.6690   6   7   0.1399   0.1287   0.1002  -0.0876   0.0969  -0.0961   0.00    0.0
2019/01/10 00:28:00.000  -2148744.3084   4426641.0435   4044655.6358   6   7   0.1390   0.1280   0.0996  -0.0870   0.0963  -0.0954   0.00    0.0
2019/01/10 00:28:30.000  -2148744.3060   4426641.0820   4044655.6299   6   7   0.1377   0.1267   0.0986  -0.0859   0.0952  -0.0945   0.00    0.0
2019/01/10 00:29:00.000  -2148744.3345   4426641.2067   4044655.7027   6   7   0.1356   0.1240   0.0966  -0.0837   0.0930  -0.0927   0.00    0.0
2019/01/10 00:29:30.000  -2148744.4628   4426641.2158   4044655.7859   6   7   0.1312   0.1172   0.0918  -0.0783   0.0874  -0.0886   0.00    0.0
2019/01/10 00:30:00.000  -2148744.3953   4426641.1450   4044655.7159   6   7   0.1231   0.1034   0.0825  -0.0676   0.0769  -0.0810   0.00    0.0
2019/01/10 00:30:30.000  -2148744.3587   4426641.2907   4044655.6449   6   8   0.1201   0.0996   0.0796  -0.0644   0.0737  -0.0784   0.00    0.0
2019/01/10 00:31:00.000  -2148744.3902   4426641.3088   4044655.6470   6   8   0.1187   0.0983   0.0785  -0.0632   0.0726  -0.0774   0.00    0.0
2019/01/10 00:31:30.000  -2148744.4158   4426641.3323   4044655.6726   6   8   0.1179   0.0976   0.0779  -0.0626   0.0720  -0.0767   0.00    0.0
2019/01/10 00:32:00.000  -2148744.4661   4426641.3568   4044655.7187   6   8   0.1172   0.0972   0.0775  -0.0622   0.0716  -0.0763   0.00    0.0
2019/01/10 00:32:30.000  -2148744.5174   4426641.3676   4044655.7466   6   8   0.1166   0.0968   0.0772  -0.0619   0.0713  -0.0759   0.00    0.0
2019/01/10 00:33:00.000  -2148744.5355   4426641.3694   4044655.7637   6   8   0.1159   0.0963   0.0768  -0.0613   0.0709  -0.0753   0.00    0.0
2019/01/10 00:33:30.000  -2148744.4580   4426641.2670   4044655.7354   6   8   0.1148   0.0954   0.0759  -0.0604   0.0700  -0.0745   0.00    0.0
2019/01/10 00:34:00.000  -2148744.4270   4426641.1467   4044655.7503   6   8   0.1130   0.0935   0.0743  -0.0584   0.0683  -0.0728   0.00    0.0
2019/01/10 00:34:30.000  -2148744.5000   4426641.1053   4044655.8264   6   8   0.1093   0.0889   0.0707  -0.0540   0.0643  -0.0694   0.00    0.0
2019/01/10 00:35:00.000  -2148744.5420   4426641.1496   4044655.8171   6   8   0.1031   0.0796   0.0641  -0.0459   0.0570  -0.0636   0.00    0.0
2019/01/10 00:35:30.000  -2148744.5302   4426641.1945   4044655.8621   6   8   0.1006   0.0769   0.0619  -0.0432   0.0547  -0.0615   0.00    0.0
2019/01/10 00:36:00.000  -2148744.5446   4426641.2242   4044655.8925   6   7   0.1000   0.0763   0.0614  -0.0430   0.0543  -0.0612   0.00    0.0
2019/01/10 00:36:30.000  -2148744.5538   4426641.2306   4044655.8968   6   7   0.0996   0.0760   0.0612  -0.0429   0.0541  -0.0610   0.00    0.0
2019/01/10 00:37:00.000  -2148744.6006   4426641.2043   4044655.8991   6   7   0.0993   0.0758   0.0610  -0.0429   0.0539  -0.0609   0.00    0.0
2019/01/10 00:37:30.000  -2148744.6310   4426641.1857   4044655.8966   6   6   0.0990   0.0756   0.0609  -0.0428   0.0538  -0.0607   0.00    0.0
2019/01/10 00:38:00.000  -2148744.5996   4426641.1664   4044655.8799   6   6   0.0987   0.0754   0.0608  -0.0427   0.0537  -0.0605   0.00    0.0
2019/01/10 00:38:30.000  -2148744.5880   4426641.1226   4044655.8528   6   6   0.0983   0.0751   0.0605  -0.0425   0.0535  -0.0602   0.00    0.0
2019/01/10 00:39:00.000  -2148744.5772   4426641.0680   4044655.8247   6   6   0.0977   0.0744   0.0600  -0.0420   0.0530  -0.0597   0.00    0.0
2019/01/10 00:39:30.000  -2148744.6426   4426641.0138   4044655.8213   6   6   0.0962   0.0722   0.0586  -0.0404   0.0516  -0.0584   0.00    0.0
2019/01/10 00:40:00.000  -2148744.6737   4426641.2125   4044655.8608   6   6   0.0930   0.0669   0.0553  -0.0363   0.0482  -0.0554   0.00    0.0
2019/01/10 00:40:30.000  -2148744.5952   4426641.1780   4044655.8663   6   6   0.0919   0.0655   0.0543  -0.0353   0.0473  -0.0545   0.00    0.0
2019/01/10 00:41:00.000  -2148744.5912   4426641.1462   4044655.8561   6   6   0.0915   0.0651   0.0540  -0.0350   0.0470  -0.0542   0.00    0.0
2019/01/10 00:41:30.000  -2148744.5702   4426641.1449   4044655.8399   6   6   0.0912   0.0649   0.0539  -0.0349   0.0469  -0.0540   0.00    0.0
2019/01/10 00:42:00.000  -2148744.5574   4426641.1463   4044655.8291   6   6   0.0909   0.0647   0.0538  -0.0348   0.0468  -0.0539   0.00    0.0
2019/01/10 00:42:30.000  -2148744.5481   4426641.1360   4044655.8200   6   6   0.0907   0.0646   0.0537  -0.0348   0.0467  -0.0537   0.00    0.0
2019/01/10 00:43:00.000  -2148744.5376   4426641.1441   4044655.8204   6   6   0.0905   0.0645   0.0536  -0.0347   0.0466  -0.0536   0.00    0.0
2019/01/10 00:43:30.000  -2148744.5252   4426641.1647   4044655.8243   6   6   0.0901   0.0642   0.0534  -0.0345   0.0465  -0.0533   0.00    0.0
2019/01/10 00:44:00.000  -2148744.5726   4426641.1630   4044655.8264   6   7   0.0895   0.0637   0.0530  -0.0340   0.0461  -0.0529   0.00    0.0
2019/01/10 00:44:30.000  -2148744.6041   4426641.1704   4044655.8106   6   7   0.0882   0.0621   0.0519  -0.0327   0.0451  -0.0517   0.00    0.0
2019/01/10 00:45:00.000  -2148744.6546   4426641.1987   4044655.8552   6   7   0.0852   0.0580   0.0493  -0.0290   0.0424  -0.0491   0.00    0.0
2019/01/10 00:45:30.000  -2148744.6804   4426641.2920   4044655.8760   6   7   0.0842   0.0569   0.0485  -0.0281   0.0417  -0.0483   0.00    0.0
2019/01/10 00:46:00.000  -2148744.6472   4426641.2999   4044655.8695   6   7   0.0838   0.0566   0.0483  -0.0278   0.0415  -0.0480   0.00    0.0
2019/01/10 00:46:30.000  -2148744.6401   4426641.2881   4044655.8692   6   7   0.0835   0.0564   0.0482  -0.0277   0.0413  -0.0479   0.00    0.0
2019/01/10 00:47:00.000  -2148744.6428   4426641.2705   4044655.8703   6   7   0.0833   0.0563   0.0481  -0.0276   0.0413  -0.0477   0.00    0.0
2019/01/10 00:47:30.000  -2148744.6389   4426641.2665   4044655.8674   6   7   0.0831   0.0562   0.0480  -0.0276   0.0412  -0.0476   0.00    0.0
2019/01/10 00:48:00.000  -2148744.6783   4426641.2493   4044655.8755   6   7   0.0829   0.0561   0.0479  -0.0275   0.0412  -0.0475   0.00    0.0
2019/01/10 00:48:30.000  -2148744.6564   4426641.2429   4044655.8731   6   7   0.0826   0.0559   0.0478  -0.0273   0.0410  -0.0473   0.00    0.0
2019/01/10 00:49:00.000  -2148744.7296   4426641.2326   4044655.8946   6   7   0.0820   0.0555   0.0475  -0.0269   0.0407  -0.0469   0.00    0.0
2019/01/10 00:49:30.000  -2148744.6766   4426641.2144   4044655.8915   6   7   0.0808   0.0542   0.0466  -0.0256   0.0399  -0.0458   0.00    0.0
2019/01/10 00:50:00.000  -2148744.5914   4426641.1953   4044655.8421   6   7   0.0781   0.0509   0.0444  -0.0221   0.0377  -0.0435   0.00    0.0
2019/01/10 00:50:30.000  -2148744.5043   4426641.1826   4044655.8182   6   7   0.0772   0.0501   0.0438  -0.0212   0.0371  -0.0428   0.00    0.0
2019/01/10 00:51:00.000  -2148744.4872   4426641.1884   4044655.8276   6   7   0.0769   0.0498   0.0436  -0.0209   0.0369  -0.0425   0.00    0.0
2019/01/10 00:51:30.000  -2148744.4787   4426641.1983   4044655.8356   6   7   0.0766   0.0496   0.0435  -0.0208   0.0368  -0.0424   0.00    0.0
2019/01/10 00:52:00.000  -2148744.4802   4426641.1949   4044655.8327   6   7   0.0765   0.0496   0.0434  -0.0208   0.0368  -0.0423   0.00    0.0
2019/01/10 00:52:30.000  -2148744.4784   4426641.1867   4044655.8244   6   7   0.0763   0.0495   0.0434  -0.0207   0.0367  -0.0422   0.00    0.0
2019/01/10 00:53:00.000  -2148744.5052   4426641.1781   4044655.8280   6   7   0.0761   0.0494   0.0433  -0.0207   0.0367  -0.0421   0.00    0.0
2019/01/10 00:53:30.000  -2148744.4951   4426641.1638   4044655.8252   6   7   0.0759   0.0492   0.0432  -0.0205   0.0365  -0.0419   0.00    0.0
2019/01/10 00:54:00.000  -2148744.5184   4426641.1067   4044655.8128   6   7   0.0754   0.0489   0.0429  -0.0201   0.0363  -0.0415   0.00    0.0
2019/01/10 00:54:30.000  -2148744.5390   4426641.0172   4044655.7766   6   7   0.0744   0.0479   0.0422  -0.0188   0.0356  -0.0407   0.00    0.0
2019/01/10 00:55:00.000  -2148744.5844   4426641.2036   4044655.8344   6   7   0.0721   0.0453   0.0404  -0.0154   0.0338  -0.0386   0.00    0.0
2019/01/10 00:55:30.000  -2148744.5301   4426641.2938   4044655.8647   6   7   0.0714   0.0446   0.0399  -0.0144   0.0333  -0.0380   0.00    0.0
2019/01/10 00:56:00.000  -2148744.5086   4426641.3058   4044655.8655   6   7   0.0711   0.0443   0.0397  -0.0142   0.0332  -0.0378   0.00    0.0
2019/01/10 00:56:30.000  -2148744.4828   4426641.3085   4044655.8609   6   7   0.0709   0.0442   0.0396  -0.0140   0.0331  -0.0376   0.00    0.0
2019/01/10 00:57:00.000  -2148744.4919   4426641.3026   4044655.8613   6   7   0.0707   0.0441   0.0396  -0.0140   0.0331  -0.0375   0.00    0.0
2019/01/10 00:57:30.000  -2148744.5060   4426641.2997   4044655.8642   6   7   0.0706   0.0441   0.0395  -0.0140   0.0330  -0.0375   0.00    0.0
2019/01/10 00:58:00.000  -2148744.5006   4426641.2864   4044655.8574   6   7   0.0705   0.0440   0.0395  -0.0139   0.0330  -0.0374   0.00    0.0
2019/01/10 00:58:30.000  -2148744.4996   4426641.2840   4044655.8578   6   7   0.0703   0.0439   0.0394  -0.0138   0.0329  -0.0373   0.00    0.0
2019/01/10 00:59:00.000  -2148744.4906   4426641.2753   4044655.8590   6   7   0.0699   0.0436   0.0392  -0.0134   0.0327  -0.0370   0.00    0.0
2019/01/10 00:59:30.000  -2148744.5407   4426641.2167   4044655.8461   6   7   0.0691   0.0428   0.0386  -0.0121   0.0321  -0.0362   0.00    0.0
2019/01/10 01:00:00.000  -2148744.5434   4426641.1681   4044655.8063   6   7   0.0673   0.0407   0.0371  -0.0081   0.0307  -0.0345   0.00    0.0
2019/01/10 01:00:30.000  -2148744.5479   4426641.1294   4044655.8004   6   7   0.0667   0.0401   0.0367  -0.0068   0.0303  -0.0340   0.00    0.0
2019/01/10 01:01:00.000  -2148744.5570   4426641.1095   4044655.7990   6   7   0.0664   0.0399   0.0366  -0.0064   0.0301  -0.0338   0.00    0.0
2019/01/10 01:01:30.000  -2148744.5710   4426641.1008   4044655.7937   6   7   0.0663   0.0398   0.0365  -0.0062   0.0301  -0.0337   0.00    0.0
2019/01/10 01:02:00.000  -2148744.5848   4426641.0918   4044655.7867   6   7   0.0661   0.0397   0.0364  -0.0062   0.0300  -0.0336   0.00    0.0
2019/01/10 01:02:30.000  -2148744.5902   4426641.0885   4044655.7820   6   7   0.0660   0.0397   0.0364  -0.0062   0.0300  -0.0336   0.00    0.0
2019/01/10 01:03:00.000  -2148744.5756   4426641.0879   4044655.7732   6   7   0.0659   0.0396   0.0364  -0.0061   0.0299  -0.0335   0.00    0.0
2019/01/10 01:03:30.000  -2148744.5586   4426641.0854   4044655.7646   6   7   0.0657   0.0395   0.0363  -0.0059   0.0299  -0.0334   0.00    0.0
2019/01/10 01:04:00.000  -2148744.5458   4426641.0829   4044655.7550   6   7   0.0655   0.0392   0.0361  -0.0052   0.0297  -0.0332   0.00    0.0
2019/01/10 01:04:30.000  -2148744.5839   4426641.1161   4044655.7761   6   7   0.0648   0.0386   0.0356  -0.0024   0.0292  -0.0326   0.00    0.0
2019/01/10 01:05:00.000  -2148744.6073   4426641.1564   4044655.8059   6   7   0.0633   0.0368   0.0344   0.0070   0.0280  -0.0311   0.00    0.0
2019/01/10 01:05:30.000  -2148744.6772   4426641.1639   4044655.8436   6   7   0.0628   0.0363   0.0340   0.0079   0.0277  -0.0306   0.00    0.0
2019/01/10 01:06:00.000  -2148744.7017   4426641.1879   4044655.8597   6   7   0.0626   0.0361   0.0339   0.0081   0.0275  -0.0305   0.00    0.0
2019/01/10 01:06:30.000  -2148744.7158   4426641.2037   4044655.8708   6   7   0.0625   0.0360   0.0338   0.0082   0.0275  -0.0304   0.00    0.0
2019/01/10 01:07:00.000  -2148744.7157   4426641.2152   4044655.8774   6   7   0.0624   0.0359   0.0338   0.0082   0.0274  -0.0303   0.00    0.0
2019/01/10 01:07:30.000  -2148744.7289   4426641.2151   4044655.8809   6   7   0.0623   0.0359   0.0338   0.0082   0.0274  -0.0303   0.00    0.0
2019/01/10 01:08:00.000  -2148744.7394   4426641.2126   4044655.8825   6   7   0.0622   0.0358   0.0337   0.0082   0.0274  -0.0302   0.00    0.0
2019/01/10 01:08:30.000  -2148744.7535   4426641.2056   4044655.8828   6   7   0.0621   0.0357   0.0336   0.0083   0.0273  -0.0301   0.00    0.0
2019/01/10 01:09:00.000  -2148744.7645   4426641.2009   4044655.8759   6   7   0.0618   0.0355   0.0335   0.0086   0.0271  -0.0300   0.00    0.0
2019/01/10 01:09:30.000  -2148744.7053   4426641.1967   4044655.8480   6   7   0.0613   0.0350   0.0330   0.0094   0.0267  -0.0294   0.00    0.0
2019/01/10 01:10:00.000  -2148744.6184   4426641.1628   4044655.8140   6   7   0.0601   0.0335   0.0320   0.0111   0.0257  -0.0282   0.00    0.0
2019/01/10 01:10:30.000  -2148744.6276   4426641.1381   4044655.8289   6   7   0.0596   0.0330   0.0317   0.0115   0.0254  -0.0278   0.00    0.0
2019/01/10 01:11:00.000  -2148744.6415   4426641.1403   4044655.8347   6   7   0.0595   0.0329   0.0315   0.0116   0.0253  -0.0276   0.00    0.0
2019/01/10 01:11:30.000  -2148744.6287   4426641.1406   4044655.8264   6   7   0.0594   0.0328   0.0315   0.0117   0.0252  -0.0276   0.00    0.0
2019/01/10 01:12:00.000  -2148744.6417   4426641.1319   4044655.8210   6   7   0.0593   0.0328   0.0314   0.0117   0.0252  -0.0275   0.00    0.0
2019/01/10 01:12:30.000  -2148744.6459   4426641.1262   4044655.8175   6   7   0.0592   0.0327   0.0314   0.0117   0.0251  -0.0275   0.00    0.0
2019/01/10 01:13:00.000  -2148744.6297   4426641.1250   4044655.8123   6   7   0.0591   0.0327   0.0314   0.0117   0.0251  -0.0274   0.00    0.0
2019/01/10 01:13:30.000  -2148744.6306   4426641.1272   4044655.8176   6   7   0.0590   0.0326   0.0313   0.0117   0.0250  -0.0273   0.00    0.0
2019/01/10 01:14:00.000  -2148744.6485   4426641.1330   4044655.8390   6   7   0.0588   0.0324   0.0311   0.0119   0.0249  -0.0271   0.00    0.0
2019/01/10 01:14:30.000  -2148744.6409   4426641.1513   4044655.8648   6   6   0.0584   0.0320   0.0309   0.0120   0.0247  -0.0268   0.00    0.0
2019/01/10 01:15:00.000  -2148744.6083   4426641.1798   4044655.8380   6   6   0.0574   0.0309   0.0302   0.0125   0.0241  -0.0259   0.00    0.0
2019/01/10 01:15:30.000  -2148744.6437   4426641.2100   4044655.8506   6   6   0.0571   0.0307   0.0300   0.0126   0.0239  -0.0257   0.00    0.0
2019/01/10 01:16:00.000  -2148744.6450   4426641.2171   4044655.8499   6   6   0.0569   0.0306   0.0299   0.0126   0.0239  -0.0256   0.00    0.0
2019/01/10 01:16:30.000  -2148744.6526   4426641.2134   4044655.8465   6   6   0.0569   0.0305   0.0299   0.0126   0.0239  -0.0255   0.00    0.0
2019/01/10 01:17:00.000  -2148744.6655   4426641.2093   4044655.8476   6   6   0.0568   0.0305   0.0299   0.0125   0.0239  -0.0255   0.00    0.0
2019/01/10 01:17:30.000  -2148744.6588   4426641.2080   4044655.8454   6   6   0.0567   0.0305   0.0299   0.0125   0.0239  -0.0255   0.00    0.0
2019/01/10 01:18:00.000  -2148744.6490   4426641.2069   4044655.8440   6   6   0.0567   0.0304   0.0299   0.0125   0.0238  -0.0255   0.00    0.0
2019/01/10 01:18:30.000  -2148744.6561   4426641.2051   4044655.8459   6   6   0.0566   0.0304   0.0298   0.0125   0.0238  -0.0254   0.00    0.0
2019/01/10 01:19:00.000  -2148744.6745   4426641.1815   4044655.8369   6   6   0.0564   0.0303   0.0298   0.0124   0.0238  -0.0253   0.00    0.0
2019/01/10 01:19:30.000  -2148744.6910   4426641.1514   4044655.8087   6   6   0.0561   0.0300   0.0296   0.0125   0.0236  -0.0251   0.00    0.0
2019/01/10 01:20:00.000  -2148744.6579   4426641.1760   4044655.8179   6   6   0.0552   0.0291   0.0290   0.0126   0.0232  -0.0243   0.00    0.0
2019/01/10 01:20:30.000  -2148744.6454   4426641.1723   4044655.8173   6   6   0.0549   0.0288   0.0289   0.0126   0.0231  -0.0241   0.00    0.0
2019/01/10 01:21:00.000  -2148744.6304   4426641.1714   4044655.8175   6   6   0.0548   0.0288   0.0288   0.0126   0.0230  -0.0240   0.00    0.0
2019/01/10 01:21:30.000  -2148744.6121   4426641.1696   4044655.8136   6   6   0.0547   0.0287   0.0288   0.0126   0.0230  -0.0240   0.00    0.0
2019/01/10 01:22:00.000  -2148744.6388   4426641.1588   4044655.8129   6   6   0.0546   0.0287   0.0288   0.0125   0.0230  -0.0240   0.00    0.0
2019/01/10 01:22:30.000  -2148744.6425   4426641.1547   4044655.8115   6   6   0.0546   0.0287   0.0288   0.0125   0.0230  -0.0239   0.00    0.0
2019/01/10 01:23:00.000  -2148744.6615   4426641.1479   4044655.8111   6   6   0.0545   0.0287   0.0288   0.0125   0.0230  -0.0239   0.00    0.0
2019/01/10 01:23:30.000  -2148744.6606   4426641.1468   4044655.8103   6   6   0.0544   0.0286   0.0288   0.0124   0.0230  -0.0239   0.00    0.0
2019/01/10 01:24:00.000  -2148744.6473   4426641.1473   4044655.8101   6   6   0.0543   0.0285   0.0287   0.0124   0.0229  -0.0238   0.00    0.0
2019/01/10 01:24:30.000  -2148744.6138   4426641.1414   4044655.8023   6   6   0.0540   0.0283   0.0286   0.0123   0.0228  -0.0236   0.00    0.0
2019/01/10 01:25:00.000  -2148744.6476   4426641.1759   4044655.8318   6   6   0.0531   0.0275   0.0281   0.0122   0.0225  -0.0229   0.00    0.0
2019/01/10 01:25:30.000  -2148744.6787   4426641.1683   4044655.8622   6   6   0.0528   0.0273   0.0280   0.0122   0.0224  -0.0228   0.00    0.0
2019/01/10 01:26:00.000  -2148744.6901   4426641.1758   4044655.8753   6   6   0.0527   0.0273   0.0280   0.0121   0.0224  -0.0227   0.00    0.0
2019/01/10 01:26:30.000  -2148744.7094   4426641.1778   4044655.8822   6   6   0.0527   0.0272   0.0280   0.0121   0.0224  -0.0227   0.00    0.0
2019/01/10 01:27:00.000  -2148744.7149   4426641.1787   4044655.8840   6   6   0.0526   0.0272   0.0280   0.0121   0.0223  -0.0227   0.00    0.0
2019/01/10 01:27:30.000  -2148744.7271   4426641.1757   4044655.8837   6   6   0.0526   0.0272   0.0279   0.0121   0.0223  -0.0227   0.00    0.0
2019/01/10 01:28:00.000  -2148744.7330   4426641.1722   4044655.8817   6   6   0.0525   0.0272   0.0279   0.0120   0.0223  -0.0226   0.00    0.0
2019/01/10 01:28:30.000  -2148744.7382   4426641.1698   4044655.8777   6   6   0.0524   0.0271   0.0279   0.0120   0.0223  -0.0226   0.00    0.0
2019/01/10 01:29:00.000  -2148744.7314   4426641.1642   4044655.8774   6   6   0.0523   0.0271   0.0279   0.0119   0.0223  -0.0225   0.00    0.0
2019/01/10 01:29:30.000  -2148744.7091   4426641.1814   4044655.8912   6   6   0.0520   0.0268   0.0278   0.0118   0.0222  -0.0224   0.00    0.0
2019/01/10 01:30:00.000  -2148744.7221   4426641.1886   4044655.8624   6   6   0.0512   0.0262   0.0274   0.0115   0.0219  -0.0218   0.00    0.0
2019/01/10 01:30:30.000  -2148744.7008   4426641.2208   4044655.8658   6   6   0.0509   0.0260   0.0273   0.0114   0.0219  -0.0217   0.00    0.0
2019/01/10 01:31:00.000  -2148744.6958   4426641.2302   4044655.8680   6   6   0.0508   0.0259   0.0273   0.0113   0.0218  -0.0217   0.00    0.0
2019/01/10 01:31:30.000  -2148744.6736   4426641.2389   4044655.8667   6   6   0.0507   0.0259   0.0273   0.0113   0.0218  -0.0216   0.00    0.0
2019/01/10 01:32:00.000  -2148744.6740   4426641.2422   4044655.8667   6   6   0.0507   0.0259   0.0273   0.0112   0.0218  -0.0216   0.00    0.0
2019/01/10 01:32:30.000  -2148744.6753   4426641.2436   4044655.8662   6   6   0.0507   0.0259   0.0273   0.0112   0.0218  -0.0216   0.00    0.0
2019/01/10 01:33:00.000  -2148744.6783   4426641.2444   4044655.8669   6   6   0.0506   0.0259   0.0273   0.0112   0.0218  -0.0216   0.00    0.0
2019/01/10 01:33:30.000  -2148744.6859   4426641.2461   4044655.8680   6   6   0.0505   0.0258   0.0272   0.0111   0.0218  -0.0216   0.00    0.0
2019/01/10 01:34:00.000  -2148744.7007   4426641.2401   4044655.8689   6   6   0.0504   0.0258   0.0272   0.0110   0.0218  -0.0215   0.00    0.0
2019/01/10 01:34:30.000  -2148744.7201   4426641.2122   4044655.8642   6   6   0.0501   0.0255   0.0271   0.0109   0.0217  -0.0214   0.00    0.0
2019/01/10 01:35:00.000  -2148744.7328   4426641.1870   4044655.8471   6   6   0.0493   0.0250   0.0268   0.0103   0.0215  -0.0210   0.00    0.0
2019/01/10 01:35:30.000  -2148744.7705   4426641.1817   4044655.8477   6   6   0.0490   0.0248   0.0267   0.0101   0.0214  -0.0209   0.00    0.0
2019/01/10 01:36:00.000  -2148744.7892   4426641.1800   4044655.8465   6   6   0.0489   0.0247   0.0267   0.0101   0.0214  -0.0208   0.00    0.0
2019/01/10 01:36:30.000  -2148744.7925   4426641.1852   4044655.8493   6   6   0.0489   0.0247   0.0267   0.0100   0.0214  -0.0208   0.00    0.0
2019/01/10 01:37:00.000  -2148744.7946   4426641.1918   4044655.8540   6   6   0.0488   0.0247   0.0267   0.0100   0.0213  -0.0208   0.00    0.0
2019/01/10 01:37:30.000  -2148744.7869   4426641.1943   4044655.8548   6   6   0.0488   0.0247   0.0267   0.0100   0.0213  -0.0208   0.00    0.0
2019/01/10 01:38:00.000  -2148744.7888   4426641.1952   4044655.8548   6   6   0.0487   0.0247   0.0267   0.0099   0.0213  -0.0208   0.00    0.0
2019/01/10 01:38:30.000  -2148744.7762   4426641.2028   4044655.8527   6   6   0.0487   0.0246   0.0266   0.0099   0.0213  -0.0208   0.00    0.0
2019/01/10 01:39:00.000  -2148744.7655   4426641.2112   4044655.8524   6   6   0.0486   0.0246   0.0266   0.0098   0.0213  -0.0207   0.00    0.0
2019/01/10 01:39:30.000  -2148744.7413   4426641.2032   4044655.8547   6   6   0.0483   0.0244   0.0265   0.0095   0.0212  -0.0206   0.00    0.0
2019/01/10 01:40:00.000  -2148744.7075   4426641.1954   4044655.8553   6   6   0.0475   0.0238   0.0262   0.0088   0.0210  -0.0203   0.00    0.0
2019/01/10 01:40:30.000  -2148744.7243   4426641.1620   4044655.8255   6   6   0.0472   0.0237   0.0261   0.0086   0.0209  -0.0202   0.00    0.0
2019/01/10 01:41:00.000  -2148744.7292   4426641.1573   4044655.8199   6   6   0.0471   0.0236   0.0261   0.0085   0.0209  -0.0202   0.00    0.0
2019/01/10 01:41:30.000  -2148744.7319   4426641.1595   4044655.8199   6   6   0.0471   0.0236   0.0261   0.0084   0.0209  -0.0202   0.00    0.0
2019/01/10 01:42:00.000  -2148744.7268   4426641.1626   4044655.8202   6   6   0.0470   0.0236   0.0261   0.0084   0.0209  -0.0202   0.00    0.0
2019/01/10 01:42:30.000  -2148744.7291   4426641.1659   4044655.8217   6   6   0.0470   0.0236   0.0261   0.0084   0.0208  -0.0202   0.00    0.0
2019/01/10 01:43:00.000  -2148744.7354   4426641.1687   4044655.8225   6   6   0.0469   0.0235   0.0261   0.0083   0.0208  -0.0202   0.00    0.0
2019/01/10 01:43:30.000  -2148744.7242   4426641.1743   4044655.8234   6   6   0.0469   0.0235   0.0261   0.0083   0.0208  -0.0202   0.00    0.0
2019/01/10 01:44:00.000  -2148744.7182   4426641.1741   4044655.8220   6   6   0.0467   0.0234   0.0260   0.0081   0.0208  -0.0201   0.00    0.0
2019/01/10 01:44:30.000  -2148744.6690   4426641.1994   4044655.8363   6   6   0.0465   0.0233   0.0259   0.0078   0.0207  -0.0200   0.00    0.0
2019/01/10 01:45:00.000  -2148744.6703   4426641.1913   4044655.8455   6   6   0.0456   0.0227   0.0256   0.0068   0.0204  -0.0198   0.00    0.0
2019/01/10 01:45:30.000  -2148744.6866   4426641.2019   4044655.8726   6   6   0.0454   0.0226   0.0255   0.0065   0.0203  -0.0197   0.00    0.0
2019/01/10 01:46:00.000  -2148744.6690   4426641.2173   4044655.8944   6   6   0.0453   0.0225   0.0255   0.0064   0.0203  -0.0197   0.00    0.0
2019/01/10 01:46:30.000  -2148744.6616   4426641.2246   4044655.9034   6   6   0.0452   0.0225   0.0254   0.0064   0.0203  -0.0197   0.00    0.0
2019/01/10 01:47:00.000  -2148744.6611   4426641.2282   4044655.9082   6   6   0.0452   0.0225   0.0254   0.0063   0.0203  -0.0197   0.00    0.0
2019/01/10 01:47:30.000  -2148744.6568   4426641.2301   4044655.9086   6   6   0.0452   0.0225   0.0254   0.0063   0.0203  -0.0197   0.00    0.0
2019/01/10 01:48:00.000  -2148744.6616   4426641.2330   4044655.9113   6   6   0.0451   0.0224   0.0254   0.0063   0.0203  -0.0197   0.00    0.0
2019/01/10 01:48:30.000  -2148744.6537   4426641.2383   4044655.9130   6   6   0.0451   0.0224   0.0254   0.0062   0.0202  -0.0197   0.00    0.0
2019/01/10 01:49:00.000  -2148744.6515   4426641.2387   4044655.9134   6   6   0.0450   0.0223   0.0253   0.0061   0.0202  -0.0196   0.00    0.0
2019/01/10 01:49:30.000  -2148744.6746   4426641.2122   4044655.8930   6   6   0.0447   0.0222   0.0252   0.0057   0.0201  -0.0196   0.00    0.0
2019/01/10 01:50:00.000  -2148744.6586   4426641.2130   4044655.8771   6   6   0.0439   0.0217   0.0249   0.0042   0.0198  -0.0194   0.00    0.0
2019/01/10 01:50:30.000  -2148744.6588   4426641.2197   4044655.8929   6   6   0.0436   0.0215   0.0247   0.0038   0.0196  -0.0193   0.00    0.0
2019/01/10 01:51:00.000  -2148744.6565   4426641.2294   4044655.9007   6   6   0.0435   0.0214   0.0247   0.0037   0.0196  -0.0193   0.00    0.0
2019/01/10 01:51:30.000  -2148744.6552   4426641.2371   4044655.9076   6   6   0.0435   0.0214   0.0247   0.0036   0.0196  -0.0193   0.00    0.0
2019/01/10 01:52:00.000  -2148744.6502   4426641.2410   4044655.9095   6   6   0.0434   0.0214   0.0246   0.0036   0.0196  -0.0193   0.00    0.0
2019/01/10 01:52:30.000  -2148744.6491   4426641.2422   4044655.9097   6   6   0.0434   0.0214   0.0246   0.0035   0.0196  -0.0192   0.00    0.0
2019/01/10 01:53:00.000  -2148744.6461   4426641.2453   4044655.9112   6   6   0.0433   0.0213   0.0246   0.0035   0.0195  -0.0192   0.00    0.0
2019/01/10 01:53:30.000  -2148744.6511   4426641.2523   4044655.9200   6   5   0.0433   0.0213   0.0246   0.0034   0.0195  -0.0192   0.00    0.0
2019/01/10 01:54:00.000  -2148744.6604   4426641.2589   4044655.9351   6   5   0.0432   0.0213   0.0246   0.0031   0.0195  -0.0192   0.00    0.0
2019/01/10 01:54:30.000  -2148744.6787   4426641.2624   4044655.9516   6   5   0.0429   0.0211   0.0245   0.0022   0.0194  -0.0192   0.00    0.0
2019/01/10 01:55:00.000  -2148744.6716   4426641.2353   4044655.9042   6   5   0.0421   0.0208   0.0242  -0.0032   0.0192  -0.0190   0.00    0.0
2019/01/10 01:55:30.000  -2148744.6431   4426641.2278   4044655.8894   6   6   0.0419   0.0207   0.0241  -0.0037   0.0192  -0.0190   0.00    0.0
2019/01/10 01:56:00.000  -2148744.6491   4426641.2247   4044655.8864   6   6   0.0418   0.0206   0.0241  -0.0039   0.0191  -0.0190   0.00    0.0
2019/01/10 01:56:30.000  -2148744.6476   4426641.2246   4044655.8861   6   6   0.0417   0.0206   0.0241  -0.0040   0.0191  -0.0190   0.00    0.0
2019/01/10 01:57:00.000  -2148744.6419   4426641.2246   4044655.8852   6   6   0.0417   0.0206   0.0240  -0.0040   0.0191  -0.0190   0.00    0.0
2019/01/10 01:57:30.000  -2148744.6388   4426641.2249   4044655.8856   6   6   0.0416   0.0206   0.0240  -0.0041   0.0191  -0.0190   0.00    0.0
2019/01/10 01:58:00.000  -2148744.6382   4426641.2241   4044655.8851   6   6   0.0416   0.0206   0.0240  -0.0041   0.0191  -0.0190   0.00    0.0
2019/01/10 01:58:30.000  -2148744.6303   4426641.2240   4044655.8850   6   6   0.0415   0.0206   0.0240  -0.0042   0.0191  -0.0189   0.00    0.0
2019/01/10 01:59:00.000  -2148744.6162   4426641.2257   4044655.8921   6   6   0.0414   0.0205   0.0240  -0.0044   0.0191  -0.0189   0.00    0.0
2019/01/10 01:59:30.000  -2148744.6220   4426641.2310   4044655.9158   6   6   0.0412   0.0204   0.0239  -0.0048   0.0190  -0.0189   0.00    0.0
2019/01/10 02:00:00.000  -2148744.6353   4426641.2172   4044655.8822   6   6   0.0404   0.0201   0.0236  -0.0061   0.0188  -0.0188   0.00    0.0
2019/01/10 02:00:30.000  -2148744.6597   4426641.2048   4044655.8692   6   6   0.0401   0.0200   0.0235  -0.0064   0.0187  -0.0187   0.00    0.0
2019/01/10 02:01:00.000  -2148744.6662   4426641.2050   4044655.8709   6   6   0.0400   0.0199   0.0235  -0.0065   0.0187  -0.0187   0.00    0.0
2019/01/10 02:01:30.000  -2148744.6719   4426641.2026   4044655.8691   6   6   0.0400   0.0199   0.0234  -0.0065   0.0187  -0.0187   0.00    0.0
2019/01/10 02:02:00.000  -2148744.6760   4426641.2015   4044655.8683   6   6   0.0399   0.0199   0.0234  -0.0065   0.0187  -0.0187   0.00    0.0
2019/01/10 02:02:30.000  -2148744.6778   4426641.2001   4044655.8668   6   6   0.0399   0.0199   0.0234  -0.0066   0.0187  -0.0187   0.00    0.0
2019/01/10 02:03:00.000  -2148744.6754   4426641.1990   4044655.8653   6   6   0.0399   0.0199   0.0234  -0.0066   0.0187  -0.0187   0.00    0.0
2019/01/10 02:03:30.000  -2148744.6850   4426641.1987   4044655.8669   6   6   0.0398   0.0199   0.0234  -0.0066   0.0187  -0.0187   0.00    0.0
2019/01/10 02:04:00.000  -2148744.6735   4426641.2023   4044655.8684   6   6   0.0397   0.0198   0.0234  -0.0067   0.0186  -0.0186   0.00    0.0
2019/01/10 02:04:30.000  -2148744.6485   4426641.2054   4044655.8662   6   6   0.0394   0.0197   0.0232  -0.0070   0.0186  -0.0186   0.00    0.0
2019/01/10 02:05:00.000  -2148744.6383   4426641.2113   4044655.8681   6   6   0.0386   0.0194   0.0229  -0.0078   0.0183  -0.0185   0.00    0.0
2019/01/10 02:05:30.000  -2148744.6672   4426641.2044   4044655.8659   6   6   0.0384   0.0194   0.0228  -0.0080   0.0183  -0.0184   0.00    0.0
2019/01/10 02:06:00.000  -2148744.6640   4426641.2101   4044655.8727   6   6   0.0383   0.0193   0.0228  -0.0080   0.0183  -0.0184   0.00    0.0
2019/01/10 02:06:30.000  -2148744.6534   4426641.2139   4044655.8755   6   6   0.0383   0.0193   0.0228  -0.0080   0.0182  -0.0184   0.00    0.0
2019/01/10 02:07:00.000  -2148744.6564   4426641.2168   4044655.8794   6   6   0.0382   0.0193   0.0228  -0.0081   0.0182  -0.0184   0.00    0.0
2019/01/10 02:07:30.000  -2148744.6533   4426641.2185   4044655.8821   6   6   0.0382   0.0193   0.0228  -0.0081   0.0182  -0.0184   0.00    0.0
2019/01/10 02:08:00.000  -2148744.6601   4426641.2199   4044655.8872   6   6   0.0382   0.0193   0.0228  -0.0081   0.0182  -0.0184   0.00    0.0
2019/01/10 02:08:30.000  -2148744.6676   4426641.2198   4044655.8885   6   6   0.0381   0.0193   0.0227  -0.0081   0.0182  -0.0184   0.00    0.0
2019/01/10 02:09:00.000  -2148744.6844   4426641.2184   4044655.8895   6   6   0.0380   0.0192   0.0227  -0.0082   0.0182  -0.0183   0.00    0.0
2019/01/10 02:09:30.000  -2148744.6445   4426641.2357   4044655.8963   6   6   0.0378   0.0192   0.0226  -0.0083   0.0181  -0.0183   0.00    0.0
2019/01/10 02:10:00.000  -2148744.6515   4426641.2278   4044655.8883   6   6   0.0370   0.0189   0.0222  -0.0089   0.0179  -0.0181   0.00    0.0
2019/01/10 02:10:30.000  -2148744.6430   4426641.2318   4044655.8906   6   6   0.0367   0.0188   0.0221  -0.0090   0.0178  -0.0181   0.00    0.0
2019/01/10 02:11:00.000  -2148744.6557   4426641.2261   4044655.8857   6   6   0.0366   0.0188   0.0221  -0.0091   0.0178  -0.0180   0.00    0.0
2019/01/10 02:11:30.000  -2148744.6548   4426641.2258   4044655.8855   6   6   0.0366   0.0188   0.0221  -0.0091   0.0178  -0.0180   0.00    0.0
2019/01/10 02:12:00.000  -2148744.6537   4426641.2246   4044655.8849   6   6   0.0366   0.0188   0.0221  -0.0091   0.0178  -0.0180   0.00    0.0
2019/01/10 02:12:30.000  -2148744.6575   4426641.2248   4044655.8865   6   6   0.0365   0.0188   0.0221  -0.0091   0.0178  -0.0180   0.00    0.0
2019/01/10 02:13:00.000  -2148744.6581   4426641.2266   4044655.8895   6   6   0.0365   0.0187   0.0221  -0.0091   0.0178  -0.0180   0.00    0.0
2019/01/10 02:13:30.000  -2148744.6636   4426641.2282   4044655.8931   6   6   0.0365   0.0187   0.0220  -0.0091   0.0178  -0.0180   0.00    0.0
2019/01/10 02:14:00.000  -2148744.6599   4426641.2328   4044655.8959   6   6   0.0364   0.0187   0.0220  -0.0092   0.0177  -0.0180   0.00    0.0
2019/01/10 02:14:30.000  -2148744.6647   4426641.2228   4044655.8777   6   6   0.0361   0.0186   0.0219  -0.0093   0.0177  -0.0179   0.00    0.0
2019/01/10 02:15:00.000  -2148744.6408   4426641.2207   4044655.8771   6   6   0.0353   0.0184   0.0215  -0.0097   0.0174  -0.0177   0.00    0.0
2019/01/10 02:15:30.000  -2148744.6449   4426641.2105   4044655.8639   6   6   0.0351   0.0183   0.0214  -0.0097   0.0174  -0.0177   0.00    0.0
2019/01/10 02:16:00.000  -2148744.6550   4426641.2058   4044655.8631   6   6   0.0350   0.0183   0.0214  -0.0098   0.0173  -0.0176   0.00    0.0
2019/01/10 02:16:30.000  -2148744.6497   4426641.2055   4044655.8635   6   6   0.0350   0.0183   0.0214  -0.0098   0.0173  -0.0176   0.00    0.0
2019/01/10 02:17:00.000  -2148744.6384   4426641.2061   4044655.8634   6   6   0.0349   0.0183   0.0214  -0.0098   0.0173  -0.0176   0.00    0.0
2019/01/10 02:17:30.000  -2148744.6366   4426641.2057   4044655.8625   6   6   0.0349   0.0183   0.0213  -0.0098   0.0173  -0.0176   0.00    0.0
2019/01/10 02:18:00.000  -2148744.6322   4426641.2051   4044655.8611   6   6   0.0349   0.0183   0.0213  -0.0098   0.0173  -0.0176   0.00    0.0
2019/01/10 02:18:30.000  -2148744.6311   4426641.2078   4044655.8640   6   6   0.0348   0.0182   0.0213  -0.0098   0.0173  -0.0176   0.00    0.0
2019/01/10 02:19:00.000  -2148744.6237   4426641.2210   4044655.8809   6   6   0.0347   0.0182   0.0213  -0.0098   0.0173  -0.0175   0.00    0.0
2019/01/10 02:19:30.000  -2148744.6124   4426641.2358   4044655.9010   6   6   0.0345   0.0181   0.0211  -0.0099   0.0172  -0.0175   0.00    0.0
2019/01/10 02:20:00.000  -2148744.6165   4426641.2227   4044655.8845   6   6   0.0337   0.0179   0.0208  -0.0101   0.0170  -0.0173   0.00    0.0
2019/01/10 02:20:30.000  -2148744.6090   4426641.2252   4044655.8862   6   6   0.0335   0.0178   0.0207  -0.0102   0.0169  -0.0172   0.00    0.0
2019/01/10 02:21:00.000  -2148744.6005   4426641.2227   4044655.8805   6   6   0.0334   0.0178   0.0206  -0.0102   0.0169  -0.0172   0.00    0.0
2019/01/10 02:21:30.000  -2148744.5945   4426641.2187   4044655.8752   6   6   0.0334   0.0178   0.0206  -0.0102   0.0169  -0.0172   0.00    0.0
2019/01/10 02:22:00.000  -2148744.5936   4426641.2158   4044655.8711   6   6   0.0333   0.0178   0.0206  -0.0102   0.0169  -0.0171   0.00    0.0
2019/01/10 02:22:30.000  -2148744.5934   4426641.2141   4044655.8692   6   6   0.0333   0.0178   0.0206  -0.0102   0.0169  -0.0171   0.00    0.0
2019/01/10 02:23:00.000  -2148744.5957   4426641.2108   4044655.8664   6   6   0.0333   0.0178   0.0206  -0.0102   0.0168  -0.0171   0.00    0.0
2019/01/10 02:23:30.000  -2148744.5952   4426641.2089   4044655.8653   6   6   0.0332   0.0178   0.0206  -0.0102   0.0168  -0.0171   0.00    0.0
2019/01/10 02:24:00.000  -2148744.5988   4426641.2092   4044655.8704   6   6   0.0332   0.0178   0.0205  -0.0103   0.0168  -0.0171   0.00    0.0
2019/01/10 02:24:30.000  -2148744.5843   4426641.2092   4044655.8787   6   6   0.0329   0.0177   0.0204  -0.0103   0.0167  -0.0170   0.00    0.0
2019/01/10 02:25:00.000  -2148744.5945   4426641.2122   4044655.8742   6   6   0.0321   0.0175   0.0200  -0.0104   0.0165  -0.0167   0.00    0.0
2019/01/10 02:25:30.000  -2148744.6037   4426641.2049   4044655.8681   6   6   0.0319   0.0174   0.0199  -0.0105   0.0164  -0.0167   0.00    0.0
2019/01/10 02:26:00.000  -2148744.6021   4426641.2045   4044655.8719   6   6   0.0319   0.0174   0.0199  -0.0105   0.0164  -0.0167   0.00    0.0
2019/01/10 02:26:30.000  -2148744.5963   4426641.2045   4044655.8721   6   6   0.0318   0.0174   0.0199  -0.0105   0.0164  -0.0166   0.00    0.0
2019/01/10 02:27:00.000  -2148744.6021   4426641.2040   4044655.8725   6   6   0.0318   0.0174   0.0199  -0.0105   0.0164  -0.0166   0.00    0.0
2019/01/10 02:27:30.000  -2148744.5971   4426641.2038   4044655.8706   6   6   0.0318   0.0174   0.0199  -0.0105   0.0164  -0.0166   0.00    0.0
2019/01/10 02:28:00.000  -2148744.5992   4426641.2026   4044655.8684   6   6   0.0318   0.0174   0.0198  -0.0105   0.0164  -0.0166   0.00    0.0
2019/01/10 02:28:30.000  -2148744.5976   4426641.2006   4044655.8638   6   6   0.0317   0.0174   0.0198  -0.0105   0.0164  -0.0166   0.00    0.0
2019/01/10 02:29:00.000  -2148744.5880   4426641.1959   4044655.8533   6   6   0.0316   0.0173   0.0198  -0.0105   0.0163  -0.0166   0.00    0.0
2019/01/10 02:29:30.000  -2148744.5967   4426641.1848   4044655.8388   6   6   0.0314   0.0173   0.0197  -0.0105   0.0162  -0.0165   0.00    0.0
2019/01/10 02:30:00.000  -2148744.6044   4426641.2059   4044655.8616   6   6   0.0306   0.0171   0.0193  -0.0105   0.0160  -0.0162   0.00    0.0
2019/01/10 02:30:30.000  -2148744.5880   4426641.2146   4044655.8646   6   6   0.0305   0.0170   0.0192  -0.0105   0.0159  -0.0161   0.00    0.0
2019/01/10 02:31:00.000  -2148744.5924   4426641.2108   4044655.8594   6   6   0.0304   0.0170   0.0191  -0.0105   0.0159  -0.0161   0.00    0.0
2019/01/10 02:31:30.000  -2148744.5840   4426641.2132   4044655.8602   6   6   0.0303   0.0170   0.0191  -0.0105   0.0159  -0.0161   0.00    0.0
2019/01/10 02:32:00.000  -2148744.5810   4426641.2140   4044655.8604   6   6   0.0303   0.0170   0.0191  -0.0105   0.0159  -0.0161   0.00    0.0
2019/01/10 02:32:30.000  -2148744.5769   4426641.2148   4044655.8609   6   6   0.0303   0.0170   0.0191  -0.0105   0.0159  -0.0160   0.00    0.0
2019/01/10 02:33:00.000  -2148744.5738   4426641.2174   4044655.8640   6   6   0.0303   0.0170   0.0191  -0.0105   0.0159  -0.0160   0.00    0.0
2019/01/10 02:33:30.000  -2148744.5714   4426641.2198   4044655.8690   6   6   0.0302   0.0169   0.0191  -0.0105   0.0159  -0.0160   0.00    0.0
2019/01/10 02:34:00.000  -2148744.5744   4426641.2240   4044655.8778   6   6   0.0302   0.0169   0.0190  -0.0105   0.0158  -0.0160   0.00    0.0
2019/01/10 02:34:30.000  -2148744.5947   4426641.2233   4044655.8767   6   6   0.0299   0.0169   0.0189  -0.0105   0.0157  -0.0159   0.00    0.0
2019/01/10 02:35:00.000  -2148744.6094   4426641.2189   4044655.8752   6   6   0.0292   0.0166   0.0185  -0.0104   0.0155  -0.0156   0.00    0.0
2019/01/10 02:35:30.000  -2148744.6122   4426641.2202   4044655.8827   6   6   0.0290   0.0166   0.0184  -0.0104   0.0154  -0.0155   0.00    0.0
2019/01/10 02:36:00.000  -2148744.6200   4426641.2187   4044655.8844   6   6   0.0289   0.0166   0.0184  -0.0104   0.0154  -0.0154   0.00    0.0
2019/01/10 02:36:30.000  -2148744.6219   4426641.2166   4044655.8830   6   6   0.0289   0.0166   0.0183  -0.0104   0.0154  -0.0154   0.00    0.0
2019/01/10 02:37:00.000  -2148744.6283   4426641.2143   4044655.8809   6   6   0.0289   0.0165   0.0183  -0.0104   0.0154  -0.0154   0.00    0.0
2019/01/10 02:37:30.000  -2148744.6292   4426641.2120   4044655.8783   6   6   0.0289   0.0165   0.0183  -0.0104   0.0154  -0.0154   0.00    0.0
2019/01/10 02:38:00.000  -2148744.6317   4426641.2091   4044655.8743   6   6   0.0288   0.0165   0.0183  -0.0104   0.0153  -0.0154   0.00    0.0
2019/01/10 02:38:30.000  -2148744.6286   4426641.2035   4044655.8661   6   6   0.0288   0.0165   0.0183  -0.0104   0.0153  -0.0154   0.00    0.0
2019/01/10 02:39:00.000  -2148744.6228   4426641.1968   4044655.8580   6   6   0.0287   0.0165   0.0182  -0.0104   0.0153  -0.0153   0.00    0.0
2019/01/10 02:39:30.000  -2148744.6192   4426641.1883   4044655.8376   6   6   0.0285   0.0164   0.0181  -0.0103   0.0152  -0.0152   0.00    0.0
2019/01/10 02:40:00.000  -2148744.6041   4426641.2085   4044655.8595   6   6   0.0278   0.0162   0.0177  -0.0102   0.0149  -0.0149   0.00    0.0
2019/01/10 02:40:30.000  -2148744.6239   4426641.2140   4044655.8655   6   6   0.0276   0.0161   0.0176  -0.0101   0.0149  -0.0148   0.00    0.0
2019/01/10 02:41:00.000  -2148744.6473   4426641.2203   4044655.8792   6   6   0.0275   0.0161   0.0176  -0.0101   0.0148  -0.0148   0.00    0.0
2019/01/10 02:41:30.000  -2148744.6567   4426641.2237   4044655.8858   6   6   0.0275   0.0161   0.0176  -0.0101   0.0148  -0.0147   0.00    0.0
2019/01/10 02:42:00.000  -2148744.6604   4426641.2250   4044655.8882   6   6   0.0275   0.0161   0.0175  -0.0101   0.0148  -0.0147   0.00    0.0
2019/01/10 02:42:30.000  -2148744.6638   4426641.2250   4044655.8890   6   6   0.0275   0.0161   0.0175  -0.0101   0.0148  -0.0147   0.00    0.0
2019/01/10 02:43:00.000  -2148744.6683   4426641.2252   4044655.8912   6   6   0.0275   0.0161   0.0175  -0.0101   0.0148  -0.0147   0.00    0.0
2019/01/10 02:43:30.000  -2148744.6741   4426641.2248   4044655.8918   6   6   0.0274   0.0161   0.0175  -0.0101   0.0148  -0.0147   0.00    0.0
2019/01/10 02:44:00.000  -2148744.6812   4426641.2243   4044655.8907   6   6   0.0274   0.0161   0.0175  -0.0101   0.0148  -0.0147   0.00    0.0
2019/01/10 02:44:30.000  -2148744.6814   4426641.2267   4044655.8926   6   6   0.0272   0.0160   0.0174  -0.0101   0.0147  -0.0146   0.00    0.0
2019/01/10 02:45:00.000  -2148744.6259   4426641.2228   4044655.8810   6   5   0.0265   0.0159   0.0171  -0.0100   0.0145  -0.0143   0.00    0.0
2019/01/10 02:45:30.000  -2148744.6000   4426641.2131   4044655.8727   6   5   0.0263   0.0158   0.0170  -0.0099   0.0144  -0.0142   0.00    0.0
2019/01/10 02:46:00.000  -2148744.5925   4426641.2096   4044655.8682   6   5   0.0263   0.0158   0.0170  -0.0099   0.0144  -0.0142   0.00    0.0
2019/01/10 02:46:30.000  -2148744.5900   4426641.2091   4044655.8677   6   5   0.0263   0.0158   0.0170  -0.0099   0.0144  -0.0142   0.00    0.0
2019/01/10 02:47:00.000  -2148744.5906   4426641.2086   4044655.8674   6   5   0.0262   0.0158   0.0170  -0.0099   0.0144  -0.0142   0.00    0.0
2019/01/10 02:47:30.000  -2148744.5891   4426641.2082   4044655.8672   6   5   0.0262   0.0158   0.0170  -0.0099   0.0144  -0.0142   0.00    0.0
2019/01/10 02:48:00.000  -2148744.5894   4426641.2073   4044655.8669   6   5   0.0262   0.0158   0.0170  -0.0099   0.0144  -0.0142   0.00    0.0
2019/01/10 02:48:30.000  -2148744.5935   4426641.2058   4044655.8661   6   5   0.0262   0.0158   0.0169  -0.0099   0.0144  -0.0142   0.00    0.0
2019/01/10 02:49:00.000  -2148744.5985   4426641.2054   4044655.8637   6   5   0.0261   0.0158   0.0169  -0.0099   0.0144  -0.0141   0.00    0.0
2019/01/10 02:49:30.000  -2148744.5904   4426641.2123   4044655.8679   6   5   0.0259   0.0157   0.0168  -0.0099   0.0143  -0.0140   0.00    0.0
2019/01/10 02:50:00.000  -2148744.5921   4426641.2116   4044655.8668   6   5   0.0253   0.0156   0.0166  -0.0097   0.0141  -0.0138   0.00    0.0
2019/01/10 02:50:30.000  -2148744.6188   4426641.2118   4044655.8673   6   5   0.0252   0.0155   0.0165  -0.0097   0.0141  -0.0137   0.00    0.0
2019/01/10 02:51:00.000  -2148744.6293   4426641.2115   4044655.8694   6   5   0.0251   0.0155   0.0165  -0.0097   0.0141  -0.0137   0.00    0.0
2019/01/10 02:51:30.000  -2148744.6411   4426641.2127   4044655.8740   6   5   0.0251   0.0155   0.0165  -0.0097   0.0141  -0.0137   0.00    0.0
2019/01/10 02:52:00.000  -2148744.6418   4426641.2136   4044655.8766   6   5   0.0251   0.0155   0.0165  -0.0097   0.0141  -0.0137   0.00    0.0
2019/01/10 02:52:30.000  -2148744.6433   4426641.2136   4044655.8771   6   5   0.0250   0.0155   0.0164  -0.0097   0.0141  -0.0136   0.00    0.0
2019/01/10 02:53:00.000  -2148744.6420   4426641.2139   4044655.8778   6   5   0.0250   0.0155   0.0164  -0.0097   0.0140  -0.0136   0.00    0.0
2019/01/10 02:53:30.000  -2148744.6408   4426641.2148   4044655.8795   6   5   0.0250   0.0155   0.0164  -0.0096   0.0140  -0.0136   0.00    0.0
2019/01/10 02:54:00.000  -2148744.6295   4426641.2186   4044655.8852   6   5   0.0249   0.0155   0.0164  -0.0096   0.0140  -0.0136   0.00    0.0
2019/01/10 02:54:30.000  -2148744.6058   4426641.2285   4044655.8993   6   5   0.0248   0.0154   0.0163  -0.0096   0.0140  -0.0135   0.00    0.0
2019/01/10 02:55:00.000  -2148744.5953   4426641.2187   4044655.8772   6   5   0.0242   0.0153   0.0161  -0.0094   0.0138  -0.0133   0.00    0.0
2019/01/10 02:55:30.000  -2148744.5832   4426641.2098   4044655.8646   6   5   0.0240   0.0153   0.0160  -0.0094   0.0138  -0.0132   0.00    0.0
2019/01/10 02:56:00.000  -2148744.5739   4426641.2071   4044655.8605   6   5   0.0240   0.0152   0.0160  -0.0094   0.0137  -0.0132   0.00    0.0
2019/01/10 02:56:30.000  -2148744.5726   4426641.2064   4044655.8597   6   5   0.0240   0.0152   0.0160  -0.0094   0.0137  -0.0132   0.00    0.0
2019/01/10 02:57:00.000  -2148744.5722   4426641.2059   4044655.8590   6   5   0.0240   0.0152   0.0160  -0.0094   0.0137  -0.0132   0.00    0.0
2019/01/10 02:57:30.000  -2148744.5686   4426641.2052   4044655.8575   6   5   0.0239   0.0152   0.0160  -0.0094   0.0137  -0.0131   0.00    0.0
2019/01/10 02:58:00.000  -2148744.5689   4426641.2049   4044655.8569   6   5   0.0239   0.0152   0.0160  -0.0094   0.0137  -0.0131   0.00    0.0
2019/01/10 02:58:30.000  -2148744.5640   4426641.2047   4044655.8548   6   5   0.0239   0.0152   0.0160  -0.0094   0.0137  -0.0131   0.00    0.0
2019/01/10 02:59:00.000  -2148744.5543   4426641.2091   4044655.8564   6   5   0.0238   0.0152   0.0159  -0.0093   0.0137  -0.0131   0.00    0.0
2019/01/10 02:59:30.000  -2148744.5516   4426641.2175   4044655.8696   6   5   0.0237   0.0152   0.0159  -0.0093   0.0137  -0.0130   0.00    0.0
2019/01/10 03:00:00.000  -2148744.5717   4426641.2176   4044655.8678   6   5   0.0232   0.0150   0.0157  -0.0091   0.0135  -0.0128   0.00    0.0
2019/01/10 03:00:30.000  -2148744.5578   4426641.2167   4044655.8679   6   5   0.0230   0.0150   0.0156  -0.0091   0.0135  -0.0127   0.00    0.0
2019/01/10 03:01:00.000  -2148744.5586   4426641.2157   4044655.8675   6   5   0.0230   0.0150   0.0156  -0.0091   0.0135  -0.0127   0.00    0.0
2019/01/10 03:01:30.000  -2148744.5583   4426641.2150   4044655.8686   6   6   0.0230   0.0150   0.0156  -0.0091   0.0134  -0.0127   0.00    0.0
2019/01/10 03:02:00.000  -2148744.5617   4426641.2145   4044655.8690   6   6   0.0229   0.0150   0.0156  -0.0091   0.0134  -0.0127   0.00    0.0
2019/01/10 03:02:30.000  -2148744.5632   4426641.2144   4044655.8696   6   6   0.0229   0.0150   0.0156  -0.0091   0.0134  -0.0127   0.00    0.0
2019/01/10 03:03:00.000  -2148744.5660   4426641.2139   4044655.8701   6   6   0.0229   0.0150   0.0156  -0.0090   0.0134  -0.0127   0.00    0.0
2019/01/10 03:03:30.000  -2148744.5651   4426641.2132   4044655.8687   6   6   0.0229   0.0150   0.0155  -0.0090   0.0134  -0.0127   0.00    0.0
2019/01/10 03:04:00.000  -2148744.5647   4426641.2129   4044655.8670   6   6   0.0228   0.0150   0.0155  -0.0090   0.0134  -0.0126   0.00    0.0
2019/01/10 03:04:30.000  -2148744.5774   4426641.2140   4044655.8741   6   6   0.0227   0.0149   0.0155  -0.0090   0.0134  -0.0126   0.00    0.0
2019/01/10 03:05:00.000  -2148744.5825   4426641.2158   4044655.8712   6   6   0.0222   0.0148   0.0153  -0.0088   0.0132  -0.0123   0.00    0.0
2019/01/10 03:05:30.000  -2148744.5502   4426641.2123   4044655.8557   6   6   0.0221   0.0148   0.0152  -0.0088   0.0132  -0.0123   0.00    0.0
2019/01/10 03:06:00.000  -2148744.5322   4426641.2085   4044655.8494   6   6   0.0220   0.0148   0.0152  -0.0087   0.0132  -0.0123   0.00    0.0
2019/01/10 03:06:30.000  -2148744.5244   4426641.2064   4044655.8462   6   6   0.0220   0.0148   0.0152  -0.0087   0.0132  -0.0123   0.00    0.0
2019/01/10 03:07:00.000  -2148744.5217   4426641.2057   4044655.8446   6   6   0.0220   0.0148   0.0152  -0.0087   0.0132  -0.0122   0.00    0.0
2019/01/10 03:07:30.000  -2148744.5173   4426641.2053   4044655.8434   6   6   0.0220   0.0148   0.0152  -0.0087   0.0132  -0.0122   0.00    0.0
2019/01/10 03:08:00.000  -2148744.5159   4426641.2048   4044655.8425   6   6   0.0220   0.0148   0.0152  -0.0087   0.0132  -0.0122   0.00    0.0
2019/01/10 03:08:30.000  -2148744.5140   4426641.2036   4044655.8398   6   6   0.0220   0.0148   0.0152  -0.0087   0.0132  -0.0122   0.00    0.0
2019/01/10 03:09:00.000  -2148744.5188   4426641.2013   4044655.8340   6   6   0.0219   0.0148   0.0152  -0.0087   0.0132  -0.0122   0.00    0.0
2019/01/10 03:09:30.000  -2148744.5317   4426641.2057   4044655.8408   6   6   0.0218   0.0147   0.0151  -0.0086   0.0131  -0.0121   0.00    0.0
2019/01/10 03:10:00.000  -2148744.5718   4426641.2150   4044655.8613   6   6   0.0213   0.0146   0.0149  -0.0085   0.0130  -0.0119   0.00    0.0
2019/01/10 03:10:30.000  -2148744.5554   4426641.2204   4044655.8672   6   6   0.0212   0.0146   0.0149  -0.0084   0.0130  -0.0119   0.00    0.0
2019/01/10 03:11:00.000  -2148744.5485   4426641.2243   4044655.8729   6   6   0.0212   0.0146   0.0149  -0.0084   0.0130  -0.0118   0.00    0.0
2019/01/10 03:11:30.000  -2148744.5444   4426641.2259   4044655.8743   6   6   0.0212   0.0146   0.0149  -0.0084   0.0130  -0.0118   0.00    0.0
2019/01/10 03:12:00.000  -2148744.5429   4426641.2268   4044655.8754   6   6   0.0211   0.0146   0.0149  -0.0084   0.0130  -0.0118   0.00    0.0
2019/01/10 03:12:30.000  -2148744.5443   4426641.2266   4044655.8765   6   6   0.0211   0.0146   0.0149  -0.0084   0.0130  -0.0118   0.00    0.0
2019/01/10 03:13:00.000  -2148744.5433   4426641.2275   4044655.8796   6   6   0.0211   0.0146   0.0149  -0.0084   0.0130  -0.0118   0.00    0.0
2019/01/10 03:13:30.000  -2148744.5440   4426641.2283   4044655.8831   6   6   0.0211   0.0146   0.0149  -0.0084   0.0130  -0.0118   0.00    0.0
2019/01/10 03:14:00.000  -2148744.5399   4426641.2255   4044655.8822   6   6   0.0210   0.0146   0.0148  -0.0083   0.0129  -0.0118   0.00    0.0
2019/01/10 03:14:30.000  -2148744.5663   4426641.2240   4044655.8853   6   6   0.0209   0.0145   0.0148  -0.0083   0.0129  -0.0117   0.00    0.0
2019/01/10 03:15:00.000  -2148744.5736   4426641.2183   4044655.8706   6   6   0.0205   0.0144   0.0146  -0.0081   0.0128  -0.0115   0.00    0.0
2019/01/10 03:15:30.000  -2148744.5741   4426641.2219   4044655.8756   6   6   0.0204   0.0144   0.0146  -0.0080   0.0128  -0.0115   0.00    0.0
2019/01/10 03:16:00.000  -2148744.5772   4426641.2202   4044655.8742   6   6   0.0204   0.0144   0.0146  -0.0080   0.0128  -0.0115   0.00    0.0
2019/01/10 03:16:30.000  -2148744.5787   4426641.2193   4044655.8734   6   6   0.0204   0.0144   0.0146  -0.0080   0.0128  -0.0114   0.00    0.0
2019/01/10 03:17:00.000  -2148744.5807   4426641.2185   4044655.8739   6   6   0.0203   0.0144   0.0146  -0.0080   0.0128  -0.0114   0.00    0.0
2019/01/10 03:17:30.000  -2148744.5801   4426641.2182   4044655.8742   6   6   0.0203   0.0144   0.0146  -0.0080   0.0128  -0.0114   0.00    0.0
2019/01/10 03:18:00.000  -2148744.5855   4426641.2176   4044655.8757   6   6   0.0203   0.0144   0.0146  -0.0080   0.0127  -0.0114   0.00    0.0
2019/01/10 03:18:30.000  -2148744.5870   4426641.2166   4044655.8765   6   7   0.0203   0.0144   0.0146  -0.0080   0.0127  -0.0114   0.00    0.0
2019/01/10 03:19:00.000  -2148744.5898   4426641.2140   4044655.8748   6   7   0.0203   0.0144   0.0146  -0.0080   0.0127  -0.0114   0.00    0.0
2019/01/10 03:19:30.000  -2148744.6030   4426641.2126   4044655.8704   6   7   0.0201   0.0143   0.0145  -0.0079   0.0127  -0.0113   0.00    0.0
2019/01/10 03:20:00.000  -2148744.5979   4426641.2127   4044655.8691   6   7   0.0198   0.0143   0.0144  -0.0077   0.0126  -0.0112   0.00    0.0
2019/01/10 03:20:30.000  -2148744.6123   4426641.2160   4044655.8809   6   7   0.0197   0.0142   0.0144  -0.0077   0.0126  -0.0111   0.00    0.0
2019/01/10 03:21:00.000  -2148744.6206   4426641.2174   4044655.8858   6   7   0.0197   0.0142   0.0143  -0.0077   0.0126  -0.0111   0.00    0.0
2019/01/10 03:21:30.000  -2148744.6214   4426641.2174   4044655.8862   6   7   0.0196   0.0142   0.0143  -0.0077   0.0126  -0.0111   0.00    0.0
2019/01/10 03:22:00.000  -2148744.6201   4426641.2180   4044655.8868   6   7   0.0196   0.0142   0.0143  -0.0076   0.0126  -0.0111   0.00    0.0
2019/01/10 03:22:30.000  -2148744.6211   4426641.2182   4044655.8869   6   7   0.0196   0.0142   0.0143  -0.0076   0.0126  -0.0111   0.00    0.0
2019/01/10 03:23:00.000  -2148744.6172   4426641.2186   4044655.8864   6   7   0.0196   0.0142   0.0143  -0.0076   0.0126  -0.0111   0.00    0.0
2019/01/10 03:23:30.000  -2148744.6154   4426641.2187   4044655.8858   6   7   0.0196   0.0142   0.0143  -0.0076   0.0126  -0.0111   0.00    0.0
2019/01/10 03:24:00.000  -2148744.6119   4426641.2197   4044655.8851   6   7   0.0195   0.0142   0.0143  -0.0076   0.0125  -0.0110   0.00    0.0
2019/01/10 03:24:30.000  -2148744.5882   4426641.2237   4044655.8874   6   7   0.0194   0.0142   0.0143  -0.0075   0.0125  -0.0110   0.00    0.0
2019/01/10 03:25:00.000  -2148744.5899   4426641.2213   4044655.8783   6   7   0.0191   0.0141   0.0142  -0.0073   0.0124  -0.0108   0.00    0.0
2019/01/10 03:25:30.000  -2148744.6094   4426641.2236   4044655.8842   6   7   0.0190   0.0140   0.0141  -0.0073   0.0124  -0.0108   0.00    0.0
2019/01/10 03:26:00.000  -2148744.6155   4426641.2248   4044655.8860   6   7   0.0190   0.0140   0.0141  -0.0073   0.0124  -0.0108   0.00    0.0
2019/01/10 03:26:30.000  -2148744.6183   4426641.2248   4044655.8858   6   7   0.0190   0.0140   0.0141  -0.0073   0.0124  -0.0108   0.00    0.0
2019/01/10 03:27:00.000  -2148744.6192   4426641.2251   4044655.8853   6   7   0.0190   0.0140   0.0141  -0.0073   0.0124  -0.0108   0.00    0.0
2019/01/10 03:27:30.000  -2148744.6198   4426641.2257   4044655.8850   6   7   0.0190   0.0140   0.0141  -0.0072   0.0124  -0.0107   0.00    0.0
2019/01/10 03:28:00.000  -2148744.6217   4426641.2264   4044655.8855   6   7   0.0189   0.0140   0.0141  -0.0072   0.0124  -0.0107   0.00    0.0
2019/01/10 03:28:30.000  -2148744.6248   4426641.2275   4044655.8867   6   7   0.0189   0.0140   0.0141  -0.0072   0.0124  -0.0107   0.00    0.0
2019/01/10 03:29:00.000  -2148744.6253   4426641.2282   4044655.8878   6   7   0.0189   0.0140   0.0141  -0.0072   0.0124  -0.0107   0.00    0.0
2019/01/10 03:29:30.000  -2148744.6221   4426641.2248   4044655.8855   6   7   0.0188   0.0140   0.0141  -0.0071   0.0123  -0.0107   0.00    0.0
2019/01/10 03:30:00.000  -2148744.6084   4426641.2206   4044655.8787   6   7   0.0185   0.0139   0.0140  -0.0069   0.0123  -0.0105   0.00    0.0
2019/01/10 03:30:30.000  -2148744.6156   4426641.2212   4044655.8770   6   7   0.0184   0.0139   0.0139  -0.0069   0.0122  -0.0105   0.00    0.0
2019/01/10 03:31:00.000  -2148744.6208   4426641.2242   4044655.8782   6   7   0.0184   0.0139   0.0139  -0.0069   0.0122  -0.0104   0.00    0.0
2019/01/10 03:31:30.000  -2148744.6212   4426641.2254   4044655.8787   6   7   0.0184   0.0139   0.0139  -0.0068   0.0122  -0.0104   0.00    0.0
2019/01/10 03:32:00.000  -2148744.6193   4426641.2266   4044655.8792   6   7   0.0184   0.0139   0.0139  -0.0068   0.0122  -0.0104   0.00    0.0
2019/01/10 03:32:30.000  -2148744.6181   4426641.2271   4044655.8791   6   7   0.0184   0.0139   0.0139  -0.0068   0.0122  -0.0104   0.00    0.0
2019/01/10 03:33:00.000  -2148744.6162   4426641.2270   4044655.8789   6   7   0.0184   0.0139   0.0139  -0.0068   0.0122  -0.0104   0.00    0.0
2019/01/10 03:33:30.000  -2148744.6163   4426641.2254   4044655.8769   6   7   0.0183   0.0138   0.0139  -0.0068   0.0122  -0.0104   0.00    0.0
2019/01/10 03:34:00.000  -2148744.6119   4426641.2237   4044655.8736   6   7   0.0183   0.0138   0.0139  -0.0068   0.0122  -0.0104   0.00    0.0
2019/01/10 03:34:30.000  -2148744.6163   4426641.2237   4044655.8760   6   7   0.0182   0.0138   0.0139  -0.0067   0.0122  -0.0103   0.00    0.0
2019/01/10 03:35:00.000  -2148744.6088   4426641.2230   4044655.8774   6   7   0.0180   0.0137   0.0138  -0.0065   0.0121  -0.0102   0.00    0.0
2019/01/10 03:35:30.000  -2148744.6039   4426641.2242   4044655.8790   6   7   0.0179   0.0137   0.0138  -0.0065   0.0121  -0.0102   0.00    0.0
2019/01/10 03:36:00.000  -2148744.5993   4426641.2246   4044655.8790   6   7   0.0179   0.0137   0.0137  -0.0064   0.0121  -0.0102   0.00    0.0
2019/01/10 03:36:30.000  -2148744.5975   4426641.2236   4044655.8778   6   7   0.0178   0.0137   0.0137  -0.0064   0.0121  -0.0101   0.00    0.0
2019/01/10 03:37:00.000  -2148744.5961   4426641.2230   4044655.8778   6   7   0.0178   0.0137   0.0137  -0.0064   0.0120  -0.0101   0.00    0.0
2019/01/10 03:37:30.000  -2148744.5963   4426641.2227   4044655.8781   6   7   0.0178   0.0137   0.0137  -0.0064   0.0120  -0.0101   0.00    0.0
2019/01/10 03:38:00.000  -2148744.5979   4426641.2224   4044655.8781   6   7   0.0178   0.0137   0.0137  -0.0064   0.0120  -0.0101   0.00    0.0
2019/01/10 03:38:30.000  -2148744.5966   4426641.2223   4044655.8776   6   7   0.0178   0.0137   0.0137  -0.0064   0.0120  -0.0101   0.00    0.0
2019/01/10 03:39:00.000  -2148744.5953   4426641.2226   4044655.8793   6   7   0.0178   0.0137   0.0137  -0.0064   0.0120  -0.0101   0.00    0.0
2019/01/10 03:39:30.000  -2148744.5970   4426641.2243   4044655.8785   6   7   0.0177   0.0136   0.0137  -0.0063   0.0120  -0.0101   0.00    0.0
2019/01/10 03:40:00.000  -2148744.5997   4426641.2237   4044655.8766   6   7   0.0175   0.0136   0.0136  -0.0061   0.0119  -0.0099   0.00    0.0
2019/01/10 03:40:30.000  -2148744.6224   4426641.2312   4044655.8824   6   7   0.0174   0.0135   0.0136  -0.0060   0.0119  -0.0099   0.00    0.0
2019/01/10 03:41:00.000  -2148744.6251   4426641.2324   4044655.8835   6   7   0.0174   0.0135   0.0136  -0.0060   0.0119  -0.0099   0.00    0.0
2019/01/10 03:41:30.000  -2148744.6274   4426641.2315   4044655.8840   6   7   0.0174   0.0135   0.0136  -0.0060   0.0119  -0.0099   0.00    0.0
2019/01/10 03:42:00.000  -2148744.6294   4426641.2302   4044655.8840   6   7   0.0174   0.0135   0.0136  -0.0060   0.0119  -0.0099   0.00    0.0
2019/01/10 03:42:30.000  -2148744.6284   4426641.2293   4044655.8838   6   7   0.0174   0.0135   0.0136  -0.0060   0.0119  -0.0099   0.00    0.0
2019/01/10 03:43:00.000  -2148744.6273   4426641.2285   4044655.8832   6   7   0.0174   0.0135   0.0136  -0.0060   0.0119  -0.0099   0.00    0.0
2019/01/10 03:43:30.000  -2148744.6261   4426641.2270   4044655.8811   6   7   0.0173   0.0135   0.0136  -0.0060   0.0119  -0.0099   0.00    0.0
2019/01/10 03:44:00.000  -2148744.6198   4426641.2233   4044655.8787   6   7   0.0173   0.0135   0.0136  -0.0060   0.0119  -0.0099   0.00    0.0
2019/01/10 03:44:30.000  -2148744.6147   4426641.2170   4044655.8752   6   7   0.0173   0.0135   0.0135  -0.0059   0.0119  -0.0098   0.00    0.0
2019/01/10 03:45:00.000  -2148744.6045   4426641.2155   4044655.8736   6   7   0.0171   0.0134   0.0135  -0.0057   0.0118  -0.0097   0.00    0.0
2019/01/10 03:45:30.000  -2148744.5972   4426641.2185   4044655.8758   6   7   0.0170   0.0134   0.0135  -0.0056   0.0118  -0.0097   0.00    0.0
2019/01/10 03:46:00.000  -2148744.5942   4426641.2206   4044655.8760   6   7   0.0170   0.0134   0.0135  -0.0056   0.0118  -0.0097   0.00    0.0
2019/01/10 03:46:30.000  -2148744.5925   4426641.2208   4044655.8756   6   7   0.0170   0.0134   0.0135  -0.0056   0.0118  -0.0097   0.00    0.0
2019/01/10 03:47:00.000  -2148744.5896   4426641.2214   4044655.8751   6   7   0.0170   0.0134   0.0135  -0.0056   0.0118  -0.0097   0.00    0.0
2019/01/10 03:47:30.000  -2148744.5883   4426641.2212   4044655.8748   6   7   0.0170   0.0134   0.0135  -0.0056   0.0118  -0.0097   0.00    0.0
2019/01/10 03:48:00.000  -2148744.5862   4426641.2215   4044655.8746   6   7   0.0169   0.0134   0.0134  -0.0056   0.0118  -0.0097   0.00    0.0
2019/01/10 03:48:30.000  -2148744.5835   4426641.2227   4044655.8748   6   7   0.0169   0.0134   0.0134  -0.0056   0.0118  -0.0096   0.00    0.0
2019/01/10 03:49:00.000  -2148744.5849   4426641.2225   4044655.8752   6   7   0.0169   0.0133   0.0134  -0.0056   0.0117  -0.0096   0.00    0.0
2019/01/10 03:49:30.000  -2148744.5853   4426641.2230   4044655.8755   6   7   0.0169   0.0133   0.0134  -0.0055   0.0117  -0.0096   0.00    0.0
2019/01/10 03:50:00.000  -2148744.5903   4426641.2233   4044655.8747   6   7   0.0167   0.0132   0.0134  -0.0053   0.0117  -0.0095   0.00    0.0
2019/01/10 03:50:30.000  -2148744.5977   4426641.2226   4044655.8753   6   8   0.0166   0.0132   0.0133  -0.0052   0.0116  -0.0095   0.00    0.0
2019/01/10 03:51:00.000  -2148744.6038   4426641.2224   4044655.8747   6   9   0.0166   0.0132   0.0133  -0.0052   0.0116  -0.0095   0.00    0.0
2019/01/10 03:51:30.000  -2148744.6063   4426641.2215   4044655.8739   6   9   0.0166   0.0132   0.0133  -0.0052   0.0116  -0.0095   0.00    0.0
2019/01/10 03:52:00.000  -2148744.6076   4426641.2209   4044655.8730   6   9   0.0166   0.0132   0.0133  -0.0052   0.0116  -0.0095   0.00    0.0
2019/01/10 03:52:30.000  -2148744.6089   4426641.2206   4044655.8725   6   9   0.0166   0.0132   0.0133  -0.0052   0.0116  -0.0095   0.00    0.0
2019/01/10 03:53:00.000  -2148744.6083   4426641.2198   4044655.8715   6   9   0.0166   0.0132   0.0133  -0.0052   0.0116  -0.0095   0.00    0.0
2019/01/10 03:53:30.000  -2148744.6098   4426641.2194   4044655.8704   6   9   0.0166   0.0132   0.0133  -0.0052   0.0116  -0.0094   0.00    0.0
2019/01/10 03:54:00.000  -2148744.6106   4426641.2176   4044655.8674   6   9   0.0166   0.0132   0.0133  -0.0051   0.0116  -0.0094   0.00    0.0
2019/01/10 03:54:30.000  -2148744.6224   4426641.2192   4044655.8689   6   9   0.0165   0.0132   0.0133  -0.0051   0.0116  -0.0094   0.00    0.0
2019/01/10 03:55:00.000  -2148744.6061   4426641.2168   4044655.8718   6   9   0.0164   0.0131   0.0132  -0.0048   0.0115  -0.0093   0.00    0.0
2019/01/10 03:55:30.000  -2148744.6021   4426641.2217   4044655.8762   6   9   0.0163   0.0131   0.0132  -0.0048   0.0115  -0.0093   0.00    0.0
2019/01/10 03:56:00.000  -2148744.6011   4426641.2216   4044655.8769   6   9   0.0163   0.0131   0.0132  -0.0048   0.0115  -0.0093   0.00    0.0
2019/01/10 03:56:30.000  -2148744.6000   4426641.2203   4044655.8759   6   9   0.0163   0.0130   0.0132  -0.0048   0.0115  -0.0093   0.00    0.0
2019/01/10 03:57:00.000  -2148744.5987   4426641.2203   4044655.8759   6   9   0.0163   0.0130   0.0132  -0.0047   0.0115  -0.0093   0.00    0.0
2019/01/10 03:57:30.000  -2148744.6003   4426641.2194   4044655.8760   6   9   0.0163   0.0130   0.0132  -0.0047   0.0115  -0.0093   0.00    0.0
2019/01/10 03:58:00.000  -2148744.5990   4426641.2195   4044655.8761   6   9   0.0163   0.0130   0.0132  -0.0047   0.0115  -0.0093   0.00    0.0
2019/01/10 03:58:30.000  -2148744.5992   4426641.2205   4044655.8766   6   9   0.0163   0.0130   0.0132  -0.0047   0.0115  -0.0092   0.00    0.0
2019/01/10 03:59:00.000  -2148744.5980   4426641.2187   4044655.8747   6   9   0.0162   0.0130   0.0132  -0.0047   0.0115  -0.0092   0.00    0.0
2019/01/10 03:59:30.000  -2148744.5966   4426641.2142   4044655.8700   6   9   0.0162   0.0130   0.0131  -0.0046   0.0114  -0.0092   0.00    0.0
2019/01/10 04:00:00.000  -2148744.5941   4426641.2118   4044655.8706   6   9   0.0161   0.0129   0.0131  -0.0043   0.0114  -0.0091   0.00    0.0
2019/01/10 04:00:30.000  -2148744.5916   4426641.2104   4044655.8680   6   9   0.0160   0.0129   0.0131  -0.0043   0.0113  -0.0091   0.00    0.0
2019/01/10 04:01:00.000  -2148744.5895   4426641.2089   4044655.8662   6   9   0.0160   0.0129   0.0130  -0.0042   0.0113  -0.0090   0.00    0.0
2019/01/10 04:01:30.000  -2148744.5851   4426641.2070   4044655.8646   6   9   0.0160   0.0129   0.0130  -0.0042   0.0113  -0.0090   0.00    0.0
2019/01/10 04:02:00.000  -2148744.5832   4426641.2063   4044655.8643   6   9   0.0160   0.0128   0.0130  -0.0042   0.0113  -0.0090   0.00    0.0
2019/01/10 04:02:30.000  -2148744.5809   4426641.2061   4044655.8642   6   9   0.0160   0.0128   0.0130  -0.0042   0.0113  -0.0090   0.00    0.0
2019/01/10 04:03:00.000  -2148744.5778   4426641.2049   4044655.8631   6   9   0.0160   0.0128   0.0130  -0.0042   0.0113  -0.0090   0.00    0.0
2019/01/10 04:03:30.000  -2148744.5751   4426641.2018   4044655.8612   6   9   0.0160   0.0128   0.0130  -0.0042   0.0113  -0.0090   0.00    0.0
2019/01/10 04:04:00.000  -2148744.5733   4426641.2000   4044655.8614   6   9   0.0159   0.0128   0.0130  -0.0042   0.0113  -0.0090   0.00    0.0
2019/01/10 04:04:30.000  -2148744.5761   4426641.2037   4044655.8663   6   9   0.0159   0.0128   0.0130  -0.0040   0.0112  -0.0089   0.00    0.0
2019/01/10 04:05:00.000  -2148744.5868   4426641.2081   4044655.8699   6   9   0.0158   0.0127   0.0129  -0.0037   0.0111  -0.0088   0.00    0.0
2019/01/10 04:05:30.000  -2148744.5931   4426641.2149   4044655.8734   6   9   0.0157   0.0127   0.0129  -0.0036   0.0111  -0.0088   0.00    0.0
2019/01/10 04:06:00.000  -2148744.5950   4426641.2154   4044655.8718   6   9   0.0157   0.0126   0.0128  -0.0036   0.0111  -0.0088   0.00    0.0
2019/01/10 04:06:30.000  -2148744.5948   4426641.2159   4044655.8716   6   9   0.0157   0.0126   0.0128  -0.0036   0.0111  -0.0088   0.00    0.0
2019/01/10 04:07:00.000  -2148744.5972   4426641.2154   4044655.8720   6   9   0.0157   0.0126   0.0128  -0.0036   0.0111  -0.0088   0.00    0.0
2019/01/10 04:07:30.000  -2148744.5982   4426641.2151   4044655.8721   6   9   0.0157   0.0126   0.0128  -0.0036   0.0111  -0.0088   0.00    0.0
2019/01/10 04:08:00.000  -2148744.5989   4426641.2140   4044655.8716   6   9   0.0157   0.0126   0.0128  -0.0036   0.0111  -0.0088   0.00    0.0
2019/01/10 04:08:30.000  -2148744.5979   4426641.2123   4044655.8707   6   9   0.0157   0.0126   0.0128  -0.0035   0.0111  -0.0088   0.00    0.0
2019/01/10 04:09:00.000  -2148744.5978   4426641.2102   4044655.8707   6   9   0.0157   0.0126   0.0128  -0.0035   0.0110  -0.0087   0.00    0.0
2019/01/10 04:09:30.000  -2148744.5899   4426641.2059   4044655.8684   6   9   0.0156   0.0125   0.0127  -0.0033   0.0110  -0.0087   0.00    0.0
2019/01/10 04:10:00.000  -2148744.5930   4426641.2077   4044655.8693   6   9   0.0155   0.0125   0.0126  -0.0030   0.0109  -0.0086   0.00    0.0
2019/01/10 04:10:30.000  -2148744.5987   4426641.2108   4044655.8724   6   8   0.0155   0.0124   0.0126  -0.0029   0.0109  -0.0085   0.00    0.0
2019/01/10 04:11:00.000  -2148744.6027   4426641.2134   4044655.8753   6   8   0.0154   0.0124   0.0126  -0.0029   0.0109  -0.0085   0.00    0.0
2019/01/10 04:11:30.000  -2148744.6040   4426641.2137   4044655.8761   6   8   0.0154   0.0124   0.0126  -0.0029   0.0109  -0.0085   0.00    0.0
2019/01/10 04:12:00.000  -2148744.6050   4426641.2141   4044655.8765   6   8   0.0154   0.0124   0.0126  -0.0029   0.0109  -0.0085   0.00    0.0
2019/01/10 04:12:30.000  -2148744.6067   4426641.2140   4044655.8767   6   8   0.0154   0.0124   0.0126  -0.0028   0.0109  -0.0085   0.00    0.0
2019/01/10 04:13:00.000  -2148744.6074   4426641.2151   4044655.8778   6   8   0.0154   0.0124   0.0126  -0.0028   0.0109  -0.0085   0.00    0.0
2019/01/10 04:13:30.000  -2148744.6079   4426641.2161   4044655.8792   6   8   0.0154   0.0124   0.0126  -0.0028   0.0109  -0.0085   0.00    0.0
2019/01/10 04:14:00.000  -2148744.6061   4426641.2154   4044655.8798   6   8   0.0154   0.0124   0.0126  -0.0028   0.0109  -0.0085   0.00    0.0
2019/01/10 04:14:30.000  -2148744.6027   4426641.2149   4044655.8796   6   8   0.0154   0.0124   0.0126  -0.0027   0.0108  -0.0085   0.00    0.0
2019/01/10 04:15:00.000  -2148744.6006   4426641.2105   4044655.8726   6   8   0.0153   0.0124   0.0125  -0.0023   0.0108  -0.0084   0.00    0.0
2019/01/10 04:15:30.000  -2148744.5981   4426641.2113   4044655.8713   6   8   0.0152   0.0123   0.0125  -0.0022   0.0108  -0.0083   0.00    0.0
2019/01/10 04:16:00.000  -2148744.5968   4426641.2105   4044655.8709   6   8   0.0152   0.0123   0.0125  -0.0022   0.0108  -0.0083   0.00    0.0
2019/01/10 04:16:30.000  -2148744.5943   4426641.2111   4044655.8717   6   8   0.0152   0.0123   0.0125  -0.0022   0.0108  -0.0083   0.00    0.0
2019/01/10 04:17:00.000  -2148744.5930   4426641.2115   4044655.8722   6   8   0.0152   0.0123   0.0125  -0.0022   0.0108  -0.0083   0.00    0.0
2019/01/10 04:17:30.000  -2148744.5931   4426641.2114   4044655.8724   6   8   0.0152   0.0123   0.0125  -0.0022   0.0108  -0.0083   0.00    0.0
2019/01/10 04:18:00.000  -2148744.5932   4426641.2119   4044655.8725   6   8   0.0152   0.0123   0.0125  -0.0022   0.0108  -0.0083   0.00    0.0
2019/01/10 04:18:30.000  -2148744.5940   4426641.2125   4044655.8725   6   8   0.0152   0.0123   0.0125  -0.0021   0.0108  -0.0083   0.00    0.0
2019/01/10 04:19:00.000  -2148744.5973   4426641.2132   4044655.8731   6   8   0.0152   0.0123   0.0125  -0.0021   0.0107  -0.0083   0.00    0.0
2019/01/10 04:19:30.000  -2148744.5990   4426641.2146   4044655.8737   6   8   0.0151   0.0123   0.0125  -0.0020   0.0107  -0.0083   0.00    0.0
2019/01/10 04:20:00.000  -2148744.5936   4426641.2087   4044655.8660   6   8   0.0150   0.0122   0.0124  -0.0015   0.0107  -0.0082   0.00    0.0
2019/01/10 04:20:30.000  -2148744.5880   4426641.2044   4044655.8645   6   8   0.0150   0.0122   0.0124  -0.0013   0.0107  -0.0082   0.00    0.0
2019/01/10 04:21:00.000  -2148744.5878   4426641.2046   4044655.8644   6   8   0.0150   0.0122   0.0124  -0.0013   0.0106  -0.0081   0.00    0.0
2019/01/10 04:21:30.000  -2148744.5887   4426641.2050   4044655.8644   6   8   0.0150   0.0122   0.0124  -0.0012   0.0106  -0.0081   0.00    0.0
2019/01/10 04:22:00.000  -2148744.5889   4426641.2040   4044655.8636   6   8   0.0150   0.0122   0.0124  -0.0012   0.0106  -0.0081   0.00    0.0
2019/01/10 04:22:30.000  -2148744.5867   4426641.2039   4044655.8627   6   8   0.0150   0.0122   0.0124  -0.0012   0.0106  -0.0081   0.00    0.0
2019/01/10 04:23:00.000  -2148744.5838   4426641.2031   4044655.8614   6   8   0.0150   0.0122   0.0124  -0.0012   0.0106  -0.0081   0.00    0.0
2019/01/10 04:23:30.000  -2148744.5809   4426641.2028   4044655.8606   6   8   0.0150   0.0122   0.0124  -0.0012   0.0106  -0.0081   0.00    0.0
2019/01/10 04:24:00.000  -2148744.5816   4426641.2035   4044655.8616   6   8   0.0150   0.0122   0.0124  -0.0011   0.0106  -0.0081   0.00    0.0
2019/01/10 04:24:30.000  -2148744.5869   4426641.2076   4044655.8639   6   8   0.0149   0.0122   0.0123  -0.0008   0.0106  -0.0081   0.00    0.0
2019/01/10 04:25:00.000  -2148744.5873   4426641.2072   4044655.8643   6   8   0.0148   0.0121   0.0123   0.0009   0.0105  -0.0080   0.00    0.0
2019/01/10 04:25:30.000  -2148744.5822   4426641.2014   4044655.8591   6   8   0.0148   0.0121   0.0122   0.0011   0.0105  -0.0080   0.00    0.0
2019/01/10 04:26:00.000  -2148744.5801   4426641.1994   4044655.8573   6   8   0.0148   0.0121   0.0122   0.0012   0.0105  -0.0079   0.00    0.0
2019/01/10 04:26:30.000  -2148744.5796   4426641.1995   4044655.8573   6   8   0.0148   0.0121   0.0122   0.0012   0.0105  -0.0079   0.00    0.0
2019/01/10 04:27:00.000  -2148744.5791   4426641.2001   4044655.8578   6   8   0.0148   0.0121   0.0122   0.0012   0.0105  -0.0079   0.00    0.0
2019/01/10 04:27:30.000  -2148744.5789   4426641.2010   4044655.8582   6   8   0.0148   0.0121   0.0122   0.0012   0.0105  -0.0079   0.00    0.0
2019/01/10 04:28:00.000  -2148744.5785   4426641.2013   4044655.8585   6   7   0.0148   0.0121   0.0122   0.0012   0.0105  -0.0079   0.00    0.0
2019/01/10 04:28:30.000  -2148744.5787   4426641.2010   4044655.8588   6   7   0.0148   0.0121   0.0122   0.0013   0.0105  -0.0079   0.00    0.0
2019/01/10 04:29:00.000  -2148744.5789   4426641.2017   4044655.8597   6   7   0.0148   0.0121   0.0122   0.0013   0.0105  -0.0079   0.00    0.0
2019/01/10 04:29:30.000  -2148744.5763   4426641.2009   4044655.8586   6   7   0.0147   0.0121   0.0122   0.0014   0.0105  -0.0079   0.00    0.0
2019/01/10 04:30:00.000  -2148744.5814   4426641.2039   4044655.8614   6   7   0.0147   0.0120   0.0121   0.0016   0.0104  -0.0079   0.00    0.0
2019/01/10 04:30:30.000  -2148744.5837   4426641.2037   4044655.8648   6   7   0.0147   0.0120   0.0121   0.0017   0.0104  -0.0079   0.00    0.0
2019/01/10 04:31:00.000  -2148744.5843   4426641.2026   4044655.8663   6   7   0.0146   0.0120   0.0121   0.0017   0.0104  -0.0078   0.00    0.0
2019/01/10 04:31:30.000  -2148744.5848   4426641.2019   4044655.8672   6   7   0.0146   0.0120   0.0121   0.0017   0.0104  -0.0078   0.00    0.0
2019/01/10 04:32:00.000  -2148744.5849   4426641.2021   4044655.8679   6   7   0.0146   0.0120   0.0121   0.0017   0.0104  -0.0078   0.00    0.0
2019/01/10 04:32:30.000  -2148744.5830   4426641.2029   4044655.8685   6   7   0.0146   0.0120   0.0121   0.0017   0.0104  -0.0078   0.00    0.0
