 -2180214.3246   4394324.1558   4078354.8412
 -2180232.5110   4394329.6535   4078347.7289
 -2180249.4207   4394335.3323   4078340.5600
 -2180266.2999   4394340.1236   4078334.4486
 -2180284.8169   4394347.0701   4078329.0191
 -2180302.9155   4394352.7196   4078321.3775
 -2180321.7021   4394358.6168   4078314.3306
 -2180339.0304   4394363.7441   4078306.2047
 -2180356.5747   4394370.9221   4078301.5000
 -2180375.4668   4394375.9770   4078292.9625
 -2180393.4506   4394383.4505   4078287.5487
 -2180411.6673   4394388.4513   4078280.4693
 -2180429.7224   4394391.8747   4078269.9083
 -2180447.5774   4394396.9055   4078262.8199
 -2180465.2677   4394404.1416   4078257.3185
 -2180482.8099   4394411.1240   4078251.7872
 -2180500.9588   4394417.1899   4078245.6524
 -2180518.8790   4394423.2148   4078238.8925
 -2180537.2504   4394429.7911   4078233.2179
 -2180555.7407   4394434.0162   4078224.3574
 -2180572.6823   4394439.5192   4078217.4417
 -2180590.6031   4394445.8393   4078211.5871
 -2180608.9986   4394450.7483   4078204.3684
 -2180626.4064   4394456.5969   4078198.0094
 -2180644.9076   4394460.9596   4078190.1639
 -2180661.9796   4394467.1773   4078184.1993
 -2180680.1428   4394472.0756   4078176.4301
 -2180697.9341   4394477.4111   4078169.3884
 -2180715.3826   4394483.4292   4078163.2425
 -2180734.6988   4394490.9409   4078157.2235
 -2180752.8236   4394497.3933   4078150.4091
 -2180770.9068   4394502.0195   4078141.8128
 -2180788.5934   4394509.3116   4078136.0988
 -2180806.3645   4394514.3695   4078129.0405
 -2180824.7672   4394521.0522   4078122.7284
 -2180842.4454   4394526.1378   4078116.0683
 -2180859.8206   4394530.5421   4078108.9930
 -2180877.8189   4394536.3932   4078102.4349
 -2180895.5772   4394541.9158   4078095.5349
 -2180914.6597   4394549.2073   4078089.3665
 -2180932.7959   4394555.9868   4078083.0297
 -2180950.8079   4394560.5174   4078074.8990
 -2180967.9047   4394566.5267   4078068.7890
 -2180985.9139   4394572.6091   4078062.5520
 -2181003.5685   4394578.9863   4078056.3847
 -2181022.3064   4394585.4001   4078049.4495
 -2181039.6993   4394588.6397   4078041.1261
 -2181057.2855   4394593.8850   4078034.0696
 -2181074.8453   4394600.5743   4078027.6303
 -2181093.2671   4394605.6486   4078020.0779
 -2181110.3919   4394610.9396   4078013.3748
 -2181128.8614   4394615.3556   4078005.7298
 -2181145.9367   4394619.1441   4077997.5190
 -2181163.4732   4394625.7932   4077991.6825
 -2181182.2947   4394630.0464   4077983.3658
 -2181199.9698   4394635.6743   4077976.2077
 -2181217.5520   4394640.7367   4077968.9833
 -2181235.6874   4394647.7815   4077962.9127
 -2181253.4310   4394652.1816   4077955.2701
 -2181271.0119   4394656.6735   4077947.1766
 -2181289.0695   4394664.5711   4077941.9952
 -2181307.1734   4394669.1374   4077935.1127
 -2181324.8355   4394674.0363   4077927.4480
 -2181342.7267   4394680.4730   4077921.4201
 -2181361.1389   4394687.2534   4077915.6979
 -2181379.2581   4394693.8688   4077909.1063
 -2181397.0518   4394700.1765   4077902.4714
 -2181415.3891   4394706.7314   4077896.2197
 -2181432.8057   4394712.8212   4077889.7990
 -2181451.2282   4394718.2686   4077883.0156
 -2181469.0694   4394723.5124   4077875.9955
 -2181487.4711   4394728.7204   4077868.8749
 -2181505.1360   4394734.6948   4077862.3384
 -2181523.2866   4394740.2974   4077855.9403
 -2181541.1232   4394746.6530   4077849.4516
 -2181558.9675   4394751.9005   4077841.7150
 -2181577.2549   4394757.7963   4077835.3755
 -2181594.9643   4394763.0586   4077828.0448
 -2181613.2171   4394769.8275   4077821.6819
 -2181631.0758   4394776.2417   4077815.4788
 -2181649.1644   4394781.4304   4077808.4649
 -2181666.9203   4394786.5532   4077800.9734
 -2181684.6673   4394792.0334   4077793.7236
 -2181702.5505   4394797.9843   4077787.4021
 -2181720.7458   4394804.4953   4077781.0126
 -2181738.7318   4394810.3235   4077774.4353
 -2181756.4846   4394816.1209   4077767.6558
 -2181774.2237   4394820.1737   4077759.6654
 -2181792.1961   4394826.2576   4077752.9263
 -2181809.4175   4394830.4096   4077745.2200
 -2181827.4943   4394835.6726   4077737.9841
 -2181845.4911   4394842.7921   4077732.4128
 -2181863.8089   4394848.5420   4077724.9537
 -2181881.3465   4394853.9359   4077717.9751
 -2181899.1183   4394860.3248   4077711.4933
 -2181916.9064   4394866.7582   4077705.4907
 -2181934.5953   4394873.2534   4077699.1364
 -2181952.8221   4394877.0835   4077691.5618
 -2181970.8624   4394882.1120   4077684.1095
 -2181988.6577   4394888.9240   4077678.0723
 -2182006.4203   4394894.7041   4077671.3155
 -2182024.4641   4394900.6455   4077664.6298
 -2182042.6248   4394906.8661   4077658.3890
 -2182060.5332   4394913.0296   4077651.8037
 -2182078.4209   4394918.1517   4077644.7808
 -2182096.4360   4394924.3670   4077637.5649
 -2182114.3464   4394929.0048   4077630.0226
 -2182131.5037   4394934.2029   4077622.9953
 -2182149.6176   4394939.3321   4077616.3864
 -2182167.1668   4394945.6999   4077610.3033
 -2182185.5198   4394952.4991   4077603.7738
 -2182203.7128   4394958.9040   4077597.3953
 -2182221.2020   4394964.0722   4077590.4588
 -2182238.9562   4394968.9858   4077582.9738
 -2182257.2710   4394974.7844   4077576.0426
 -2182275.6103   4394980.4440   4077568.9202
 -2182293.1835   4394986.4150   4077562.4466
 -2182311.1037   4394991.6485   4077555.5539
 -2182328.7786   4394997.7192   4077548.4812
 -2182346.5518   4395004.1977   4077542.1845
 -2182364.4893   4395009.2283   4077534.9174
 -2182382.6260   4395014.8583   4077528.6454
 -2182400.0776   4395019.9968   4077521.1223
 -2182418.2897   4395027.2036   4077514.9644
 -2182435.9942   4395032.0955   4077507.4750
 -2182453.5562   4395038.1255   4077501.2480
 -2182471.6018   4395043.6720   4077493.9149
 -2182489.3118   4395048.9933   4077487.1091
 -2182506.9070   4395052.9478   4077479.2627
 -2182525.2200   4395059.9253   4077472.9991
 -2182542.8478   4395066.3031   4077467.0582
 -2182560.5752   4395070.5048   4077458.9509
 -2182578.6378   4395076.6709   4077452.5461
 -2182596.6697   4395082.5723   4077446.2322
 -2182614.0062   4395088.6985   4077439.2960
 -2182632.3082   4395093.2635   4077431.8561
 -2182650.6634   4395099.6468   4077425.5834
 -2182668.5336   4395105.9218   4077419.0299
 -2182685.7392   4395110.8059   4077411.7572
 -2182704.2347   4395116.6149   4077405.1251
 -2182722.4849   4395122.4733   4077398.4236
 -2182740.0198   4395127.4196   4077391.0500
 -2182757.8622   4395133.3618   4077384.4300
 -2182775.5274   4395138.1693   4077377.5027
 -2182793.4030   4395144.6123   4077370.7488
 -2182811.3413   4395151.7904   4077364.8788
 -2182829.3410   4395157.7555   4077358.6591
 -2182846.8898   4395162.4189   4077350.9993
 -2182865.1175   4395167.0063   4077343.4702
 -2182882.0186   4395172.0794   4077336.1827
 -2182900.3218   4395178.1454   4077329.5851
 -2182918.1121   4395184.2649   4077323.0768
 -2182936.1205   4395189.5771   4077315.8831
 -2182954.7172   4395195.5258   4077309.6042
 -2182972.7425   4395200.8832   4077302.5894
 -2182990.7103   4395207.3229   4077296.0433
 -2183008.6811   4395213.9886   4077289.6757
 -2183026.1046   4395219.6520   4077282.7413
 -2183044.0499   4395225.3861   4077275.9540
 -2183062.2130   4395229.5568   4077268.2849
 -2183079.9360   4395235.7762   4077261.1784
 -2183097.9390   4395240.8823   4077254.6565
 -2183115.9328   4395247.3364   4077248.3444
 -2183134.1239   4395252.2041   4077241.4268
 -2183151.9794   4395257.7003   4077233.9415
 -2183170.1516   4395264.3562   4077227.7937
 -2183187.6816   4395269.1072   4077220.4727
 -2183205.7201   4395275.1832   4077213.8083
 -2183223.3344   4395280.3612   4077206.6674
 -2183241.6586   4395287.3716   4077200.4793
 -2183259.3334   4395292.7500   4077193.6494
 -2183276.9655   4395298.9031   4077187.0715
 -2183294.9744   4395302.7385   4077179.3737
 -2183312.4047   4395308.3908   4077172.3171
 -2183329.6191   4395313.0089   4077164.6190
 -2183347.9975   4395320.3298   4077159.4688
 -2183366.7093   4395327.9991   4077153.0938
 -2183384.4277   4395333.7907   4077146.4626
 -2183402.4358   4395338.8180   4077139.5855
 -2183420.2333   4395343.7609   4077132.0338
 -2183437.9836   4395348.1975   4077124.6039
 -2183456.0702   4395354.8665   4077118.2288
 -2183473.3831   4395360.4934   4077111.6163
 -2183491.0073   4395365.2910   4077104.3520
 -2183509.8142   4395372.1596   4077097.8593
 -2183528.1045   4395378.9277   4077091.9835
 -2183545.9686   4395385.1222   4077085.5291
 -2183563.5501   4395390.0324   4077077.9103
 -2183581.5521   4395395.2637   4077070.7847
 -2183599.2353   4395400.4679   4077063.6756
 -2183617.3278   4395405.1472   4077056.3314
 -2183635.7393   4395413.3445   4077051.0153
 -2183653.6230   4395417.9256   4077043.5226
 -2183671.6311   4395424.4165   4077037.0018
 -2183688.7066   4395429.4317   4077029.8617
 -2183706.8683   4395434.6746   4077022.9035
 -2183724.0216   4395438.5266   4077014.7510
 -2183742.3798   4395446.1542   4077008.9397
 -2183761.0133   4395453.5531   4077003.2583
 -2183778.7206   4395457.8263   4076995.5369
 -2183796.5517   4395463.3039   4076988.6974
 -2183813.8163   4395469.5358   4076982.1739
 -2183832.3982   4395474.2271   4076975.2157
 -2183850.5040   4395481.8075   4076969.3131
 -2183867.2709   4395486.1935   4076961.5633
 -2183885.0283   4395491.6140   4076954.3627
 -2183903.8067   4395497.5392   4076947.6840
 -2183922.0311   4395503.8266   4076941.4619
 -2183939.8906   4395509.2811   4076934.3856
 -2183957.5314   4395515.6455   4076928.2484
 -2183975.4094   4395520.8294   4076920.4920
 -2183993.5728   4395526.7492   4076913.9854
 -2184011.5205   4395532.0517   4076907.0008
 -2184029.0332   4395538.3697   4076900.7175
 -2184047.0977   4395544.3744   4076893.8892
 -2184064.7367   4395549.1419   4076886.5968
 -2184082.9814   4395554.3155   4076879.5890
 -2184100.6719   4395560.5945   4076872.8748
 -2184118.2158   4395566.2889   4076866.2569
 -2184136.1939   4395571.6555   4076858.8613
 -2184154.3225   4395578.7868   4076852.9149
 -2184171.2215   4395583.0135   4076844.8162
 -2184189.3359   4395588.5874   4076838.1143
 -2184207.5385   4395595.4597   4076832.1518
 -2184226.0075   4395602.3707   4076825.8088
 -2184243.9014   4395608.1031   4076818.8254
 -2184262.0080   4395613.8965   4076812.2257
 -2184279.5348   4395619.4171   4076805.4629
 -2184297.7492   4395624.9227   4076798.3031
 -2184316.0356   4395630.6673   4076791.5483
 -2184333.1498   4395634.3322   4076783.5268
 -2184351.5042   4395641.9565   4076778.1357
 -2184369.1291   4395647.4839   4076771.2897
 -2184387.1121   4395652.8170   4076763.8580
 -2184405.0918   4395658.0182   4076756.6382
 -2184423.2391   4395664.4302   4076750.5755
 -2184441.0981   4395669.9693   4076743.9415
 -2184458.7562   4395674.9903   4076736.5207
 -2184476.4785   4395681.2658   4076729.6115
 -2184494.1449   4395685.7362   4076721.8052
 -2184512.0997   4395691.7394   4076715.3545
 -2184530.3589   4395698.5641   4076709.6571
 -2184548.3019   4395704.5970   4076702.8242
 -2184566.4483   4395710.3909   4076695.9505
 -2184584.8696   4395717.0403   4076689.9653
 -2184602.5701   4395722.3953   4076682.8136
 -2184620.7063   4395727.7602   4076675.8059
 -2184637.7636   4395732.0768   4076668.1055
 -2184655.7319   4395737.5446   4076661.2321
 -2184674.3110   4395744.2414   4076654.9515
 -2184691.2856   4395747.7475   4076646.7666
 -2184709.6144   4395754.6129   4076640.5603
 -2184727.8563   4395760.6669   4076633.8409
 -2184745.9161   4395765.3799   4076626.1942
 -2184763.6194   4395771.9641   4076619.7806
 -2184781.5310   4395778.3099   4076613.3355
 -2184799.8537   4395784.6560   4076607.9978
 -2184817.4068   4395790.4923   4076600.8686
 -2184834.6257   4395794.5117   4076592.6771
 -2184852.9150   4395800.4794   4076585.7218
 -2184870.9684   4395807.4859   4076579.7931
 -2184889.2179   4395813.2390   4076572.9444
 -2184906.8375   4395818.9119   4076565.9888
 -2184924.4167   4395824.3232   4076558.6585
 -2184942.8014   4395829.7295   4076551.9227
 -2184960.7137   4395834.7450   4076544.9024
 -2184977.6314   4395839.8451   4076537.3081
 -2184995.7823   4395846.0376   4076531.0345
 -2185014.0947   4395852.0404   4076524.4294
 -2185032.0772   4395857.8095   4076517.4124
 -2185050.6852   4395865.3757   4076512.1173
 -2185067.9456   4395870.6144   4076504.9595
 -2185085.5592   4395874.5563   4076496.8369
 -2185103.7601   4395880.5102   4076490.4227
 -2185121.6006   4395885.9458   4076483.2154
 -2185139.6023   4395893.0090   4076477.2941
 -2185157.1839   4395898.1724   4076470.0852
 -2185175.0289   4395903.2543   4076462.8847
 -2185193.4898   4395909.5860   4076456.3771
 -2185210.6535   4395914.4133   4076448.9394
 -2185229.0109   4395921.4025   4076442.8569
 -2185246.9909   4395926.8413   4076435.7488
 -2185264.8417   4395932.3960   4076429.0256
 -2185282.5951   4395938.0395   4076422.3062
 -2185301.1681   4395945.1027   4076416.2211
 -2185318.6702   4395949.5780   4076408.4324
 -2185336.8912   4395954.4436   4076401.3537
 -2185354.8369   4395960.4445   4076394.6713
 -2185371.9273   4395964.8808   4076386.5707
 -2185390.0556   4395972.2060   4076381.0518
 -2185408.2450   4395977.6712   4076374.2986
 -2185426.4221   4395984.1503   4076368.0802
 -2185444.3591   4395988.9218   4076360.7399
 -2185462.1050   4395995.5907   4076354.5606
 -2185480.4422   4396001.9522   4076348.0756
 -2185497.9487   4396006.5992   4076339.9811
 -2185516.0430   4396013.4411   4076333.9805
 -2185534.2722   4396019.0947   4076327.4112
 -2185551.9317   4396023.7176   4076319.5277
 -2185569.6424   4396029.3650   4076313.2491
 -2185587.8258   4396035.7928   4076306.3031
 -2185605.6451   4396040.6408   4076298.9984
 -2185623.3124   4396046.3589   4076292.2648
 -2185640.8458   4396050.9187   4076284.6713
 -2185658.4792   4396057.7320   4076278.7987
 -2185676.7941   4396064.2723   4076272.0901
 -2185694.6877   4396070.0535   4076265.3471
 -2185713.2864   4396075.5001   4076258.4521
 -2185730.5245   4396080.0274   4076251.0099
 -2185747.6117   4396085.0842   4076243.6233
 -2185766.3522   4396093.0315   4076237.9950
 -2185784.3131   4396097.8255   4076230.6932
 -2185801.7043   4396103.4885   4076223.6358
 -2185819.5769   4396108.4664   4076216.5847
 -2185837.7652   4396114.8964   4076210.2729
 -2185856.0152   4396121.8088   4076204.1511
 -2185873.5647   4396127.0522   4076196.7399
 -2185891.1264   4396131.2240   4076188.8196
 -2185909.0505   4396137.2739   4076182.3247
 -2185927.6943   4396145.0513   4076177.0003
 -2185945.7508   4396150.8633   4076170.0110
 -2185963.5655   4396155.9245   4076162.7198
 -2185981.2007   4396160.3586   4076155.2570
 -2185999.4805   4396166.0980   4076148.6685
 -2186017.8294   4396172.9007   4076142.6126
 -2186035.1569   4396178.0100   4076135.6176
 -2186053.2535   4396183.9279   4076128.4146
 -2186070.7940   4396189.0970   4076121.3227
 -2186088.3423   4396194.5657   4076114.5581
 -2186106.4877   4396200.0673   4076107.4686
 -2186124.6056   4396207.4991   4076101.9948
 -2186142.4112   4396212.3768   4076093.7275
 -2186160.5972   4396217.8260   4076087.2329
 -2186178.2351   4396222.6920   4076080.0481
 -2186195.8602   4396228.8796   4076073.3422
 -2186214.1832   4396235.6324   4076067.3740
 -2186232.9348   4396242.1511   4076061.2955
 -2186250.2812   4396247.4236   4076053.7117
 -2186268.1685   4396252.7537   4076047.3474
 -2186286.1743   4396258.3800   4076040.3351
 -2186304.1350   4396264.5592   4076033.4174
 -2186321.8092   4396270.0162   4076026.5656
 -2186339.5029   4396276.0767   4076020.0895
 -2186357.4710   4396282.2907   4076012.6934
 -2186374.8891   4396286.7000   4076005.1665
 -2186392.9761   4396292.3349   4075998.2701
 -2186411.3832   4396298.7568   4075992.0698
 -2186429.0747   4396304.9790   4075986.1316
 -2186446.4801   4396309.5122   4075978.2309
 -2186464.4699   4396315.0684   4075971.1722
 -2186482.0788   4396320.7851   4075963.9533
 -2186500.1569   4396326.3963   4075957.3833
 -2186518.4815   4396332.1674   4075950.5953
 -2186536.3734   4396338.1339   4075943.7555
 -2186554.7368   4396345.1073   4075937.6585
 -2186571.2035   4396348.4915   4075929.2180
 -2186590.6523   4396356.4047   4075924.2446
 -2186607.6754   4396361.1816   4075916.5924
 -2186625.7452   4396367.2058   4075910.1723
 -2186643.3038   4396371.4626   4075902.2798
 -2186661.5499   4396377.5695   4075895.2587
 -2186679.3749   4396383.6175   4075889.5132
 -2186696.9999   4396389.1742   4075882.2282
 -2186714.8030   4396394.6907   4075875.3860
 -2186733.3506   4396401.2346   4075869.1336
 -2186751.8293   4396407.4926   4075862.5361
 -2186769.8697   4396413.0411   4075855.6099
 -2186786.4931   4396417.3619   4075847.9821
 -2186804.1132   4396422.5166   4075840.3742
 -2186821.9915   4396428.1382   4075833.0606
 -2186840.5357   4396434.7141   4075827.6188
 -2186858.0028   4396440.3546   4075820.5085
 -2186875.6282   4396445.8658   4075813.1492
 -2186894.1548   4396452.3031   4075807.1165
 -2186911.5738   4396456.9273   4075799.5566
 -2186929.2201   4396462.0388   4075792.2466
 -2186948.0782   4396469.1760   4075786.8477
 -2186966.1826   4396475.9547   4075780.6120
 -2186984.3494   4396481.3301   4075773.7865
 -2187001.5802   4396486.8708   4075766.4716
 -2187019.6886   4396492.3503   4075759.1618
 -2187038.0907   4396498.7545   4075752.6566
 -2187056.8049   4396505.6154   4075747.1112
 -2187073.7185   4396509.7192   4075738.9827
 -2187091.0511   4396515.2972   4075731.7747
 -2187109.4239   4396521.0561   4075725.4751
 -2187127.9222   4396527.5506   4075719.0005
 -2187145.5605   4396533.8024   4075712.2001
 -2187163.3105   4396539.0755   4075705.9444
 -2187180.3527   4396542.3160   4075696.6620
 -2187198.5454   4396549.3807   4075690.8586
 -2187216.6377   4396555.7500   4075684.4595
 -2187234.9525   4396560.9572   4075677.6397
 -2187252.5453   4396566.0150   4075670.0888
 -2187270.5591   4396572.6677   4075663.6166
 -2187289.3649   4396579.3941   4075657.4963
 -2187306.5137   4396584.2078   4075650.4918
 -2187323.8829   4396588.4913   4075642.8023
 -2187341.8428   4396594.1303   4075635.4206
 -2187359.7963   4396600.2075   4075628.9710
 -2187378.0223   4396606.1013   4075622.9623
 -2187395.9093   4396612.6146   4075616.3275
 -2187413.8123   4396618.5869   4075609.2621
 -2187432.3713   4396624.8690   4075602.7497
 -2187449.6053   4396629.8468   4075595.5566
 -2187467.0348   4396634.1946   4075587.9849
 -2187485.5387   4396641.1356   4075581.6364
 -2187503.6925   4396646.9592   4075575.0318
 -2187521.5502   4396652.9214   4075568.1499
 -2187539.3463   4396657.9544   4075561.1161
 -2187556.9956   4396663.9954   4075554.2972
 -2187574.8270   4396669.7091   4075547.5156
 -2187593.6122   4396676.6713   4075541.6751
 -2187611.1552   4396681.5327   4075534.3538
 -2187628.4415   4396686.5642   4075527.2361
 -2187646.3113   4396692.2489   4075520.1025
 -2187664.4275   4396698.4715   4075513.5415
 -2187682.5513   4396703.0643   4075505.6226
 -2187700.2001   4396708.8479   4075499.5186
 -2187718.4767   4396715.8490   4075493.2871
 -2187735.8691   4396721.3337   4075485.8548
 -2187754.0792   4396726.5391   4075479.0559
 -2187771.4232   4396732.0084   4075471.9035
 -2187789.5209   4396738.0687   4075465.3257
 -2187807.7060   4396743.8378   4075458.4336
 -2187825.8102   4396750.2220   4075452.3863
 -2187842.8099   4396753.8189   4075443.8165
 -2187861.3873   4396760.0442   4075437.3642
 -2187879.5882   4396767.6969   4075431.7603
 -2187897.5343   4396773.0949   4075424.8993
 -2187915.3594   4396778.2876   4075417.9944
 -2187933.2876   4396785.2478   4075411.5002
 -2187950.9050   4396789.6532   4075404.1884
 -2187968.5973   4396794.2180   4075396.5360
 -2187986.6410   4396800.2690   4075389.5279
 -2188005.0094   4396807.1063   4075383.8949
 -2188022.0211   4396811.9376   4075376.1142
 -2188039.6583   4396817.0793   4075368.6629
 -2188058.2871   4396824.0089   4075362.9327
 -2188076.2030   4396829.3292   4075355.4123
 -2188094.2425   4396835.3126   4075349.0693
 -2188112.9987   4396842.0882   4075343.0658
 -2188130.1933   4396847.3988   4075336.0706
 -2188147.5173   4396852.2940   4075328.4861
 -2188165.6447   4396857.8564   4075321.9001
 -2188183.3953   4396862.5634   4075314.2246
 -2188201.4542   4396869.0022   4075307.6675
 -2188219.9084   4396875.5944   4075301.5324
 -2188237.6512   4396880.4502   4075294.1227
 -2188254.8807   4396885.9058   4075287.2739
 -2188272.6404   4396891.4068   4075280.1949
 -2188290.8286   4396897.7895   4075273.6806
 -2188308.9781   4396904.0079   4075267.2346
 -2188327.7575   4396910.1044   4075260.5643
 -2188345.4053   4396916.0970   4075253.8725
 -2188363.0518   4396920.7356   4075246.6906
 -2188380.3785   4396926.0621   4075239.3527
 -2188398.6116   4396932.0547   4075232.4714
 -2188416.4036   4396937.6089   4075225.3024
 -2188434.6674   4396944.2833   4075219.1639
 -2188452.6933   4396949.8043   4075212.1946
 -2188470.5377   4396955.7041   4075205.9366
 -2188488.7360   4396961.5057   4075199.0398
 -2188506.8719   4396967.3232   4075192.1372
 -2188524.9288   4396973.2111   4075185.3432
 -2188541.3141   4396977.0203   4075177.2949
 -2188559.7661   4396982.9968   4075170.6016
 -2188577.1331   4396988.7130   4075163.8539
 -2188596.1802   4396995.1917   4075158.0105
 -2188614.0484   4397001.7596   4075151.3693
 -2188631.8173   4397007.3600   4075144.5939
 -2188649.2013   4397012.3401   4075136.8334
 -2188667.0715   4397017.9692   4075130.0088
 -2188685.2456   4397024.0788   4075123.9608
 -2188703.4686   4397030.1143   4075117.1396
 -2188720.7687   4397034.9696   4075109.4151
 -2188739.4836   4397041.9622   4075103.9983
 -2188757.1276   4397046.9292   4075096.6476
 -2188775.1784   4397052.8908   4075089.4443
 -2188792.6940   4397058.2170   4075082.6220
 -2188809.7498   4397062.9740   4075074.9787
 -2188827.9161   4397068.6046   4075068.2996
 -2188846.9806   4397075.3592   4075062.2896
 -2188863.9732   4397080.4598   4075054.6717
 -2188882.2065   4397086.6771   4075048.4827
 -2188900.5189   4397092.9098   4075041.9530
 -2188918.2117   4397098.2735   4075034.4820
 -2188936.3161   4397104.0333   4075027.6934
 -2188953.9758   4397109.3639   4075020.8235
 -2188971.3605   4397114.1749   4075012.6499
 -2188989.5157   4397120.9088   4075007.1731
 -2189007.3934   4397126.4292   4074999.9724
 -2189025.4300   4397131.8919   4074993.3496
 -2189043.7673   4397138.1961   4074987.1037
 -2189061.1386   4397143.5558   4074979.2039
 -2189078.6514   4397148.5414   4074972.3747
 -2189096.1572   4397154.1963   4074965.3862
 -2189115.2259   4397161.9641   4074959.9278
 -2189132.8697   4397166.7975   4074952.2074
 -2189150.7671   4397171.8184   4074945.4044
 -2189168.3408   4397177.3857   4074938.6682
 -2189186.5584   4397183.6644   4074931.8326
 -2189204.1888   4397189.3874   4074924.9749
 -2189222.6095   4397195.4568   4074918.3970
 -2189240.7116   4397201.5543   4074911.5418
 -2189257.6700   4397206.3556   4074904.2509
 -2189275.4167   4397211.5540   4074897.3321
 -2189293.9006   4397217.3172   4074891.0383
 -2189311.4671   4397222.1975   4074883.1063
 -2189329.6390   4397229.2440   4074876.9333
 -2189347.3456   4397234.3850   4074869.5884
 -2189365.2270   4397240.0356   4074862.8863
 -2189383.2769   4397246.8347   4074856.5804
 -2189400.9165   4397251.6130   4074849.1973
 -2189419.3115   4397258.6102   4074843.3841
 -2189437.1143   4397263.6416   4074836.2493
 -2189455.3571   4397269.1403   4074829.4762
 -2189473.1331   4397274.7372   4074822.6191
 -2189490.8415   4397280.6165   4074815.2805
 -2189508.5615   4397286.2156   4074808.7167
 -2189526.6481   4397291.3581   4074801.4563
 -2189544.7663   4397297.5678   4074794.9504
 -2189562.7021   4397303.9427   4074787.9244
 -2189580.9639   4397309.9388   4074781.5281
 -2189598.9359   4397315.3841   4074775.1510
 -2189616.7850   4397321.1016   4074767.9567
 -2189634.7134   4397326.3446   4074760.4289
 -2189651.6435   4397331.8572   4074753.6288
 -2189669.5262   4397337.2048   4074746.7661
 -2189688.2720   4397343.8152   4074740.6041
 -2189706.0232   4397349.5386   4074733.5289
 -2189723.7174   4397355.3089   4074726.9038
 -2189741.7931   4397360.5555   4074719.8712
 -2189759.1227   4397365.8280   4074712.2566
 -2189777.3497   4397372.3589   4074705.8678
 -2189794.8682   4397377.5487   4074698.7320
 -2189812.6471   4397382.9271   4074691.7090
 -2189830.8901   4397389.3844   4074685.7692
 -2189848.1423   4397394.3324   4074678.2877
 -2189866.9760   4397400.3954   4074671.2788
 -2189885.3116   4397406.9854   4074664.8683
 -2189902.6905   4397412.0996   4074657.6739
 -2189920.3799   4397417.7572   4074651.2291
 -2189938.9765   4397423.8163   4074645.0770
 -2189957.3548   4397429.6563   4074638.3027
 -2189974.4200   4397434.5893   4074630.6095
 -2189992.2768   4397440.9983   4074623.9757
 -2190009.9385   4397446.0951   4074616.8254
 -2190027.9335   4397451.5377   4074609.3159
 -2190045.5600   4397457.4728   4074603.0540
 -2190064.3482   4397464.0770   4074596.8250
 -2190082.3492   4397469.5282   4074590.0414
 -2190100.3897   4397475.7611   4074583.2439
 -2190117.8552   4397480.8833   4074576.3168
 -2190135.7096   4397486.5217   4074569.4983
 -2190153.7993   4397492.2172   4074562.1240
 -2190171.6724   4397498.4707   4074555.5411
 -2190188.8918   4397503.0565   4074547.8280
 -2190206.8464   4397508.8187   4074541.5244
 -2190224.9105   4397514.8172   4074534.5641
 -2190243.0751   4397520.8990   4074528.3229
 -2190261.1097   4397526.1102   4074521.4219
 -2190278.9129   4397531.9625   4074514.4175
 -2190297.5259   4397538.8373   4074507.7418
 -2190314.6694   4397543.2354   4074500.0190
 -2190332.9860   4397549.3899   4074493.9453
 -2190350.2501   4397554.8963   4074487.0583
 -2190368.8013   4397560.8776   4074480.2227
 -2190386.6555   4397566.7577   4074473.1443
 -2190404.0859   4397572.2693   4074466.2786
 -2190421.8112   4397577.7433   4074459.3342
 -2190439.1788   4397583.2363   4074452.0706
 -2190456.8775   4397587.9533   4074444.1739
 -2190475.4803   4397594.4873   4074438.5563
 -2190494.0876   4397601.1899   4074432.7063
 -2190511.4643   4397606.1941   4074425.1311
 -2190529.5334   4397612.8356   4074418.7391
 -2190547.5710   4397617.9951   4074411.6924
 -2190565.1370   4397623.8323   4074404.8339
 -2190582.6964   4397628.7090   4074397.2606
 -2190601.3237   4397634.8715   4074391.0926
 -2190619.0611   4397640.5436   4074384.0438
 -2190636.7240   4397646.3378   4074376.9418
 -2190654.3995   4397651.8127   4074370.0746
 -2190673.0458   4397658.0798   4074364.0695
 -2190690.7786   4397664.2540   4074357.3194
 -2190708.1345   4397669.1655   4074349.6330
 -2190726.3843   4397674.8377   4074343.0595
 -2190743.8034   4397680.4636   4074336.3518
 -2190762.5253   4397686.8763   4074329.7387
 -2190780.3093   4397692.7974   4074322.7739
 -2190797.9407   4397697.5442   4074315.7939
 -2190815.7312   4397703.2977   4074308.7864
 -2190833.6436   4397709.0010   4074302.1029
 -2190851.5254   4397714.3516   4074294.6700
 -2190869.4580   4397720.9460   4074288.6686
 -2190886.9140   4397726.2533   4074281.2942
 -2190905.6155   4397732.2462   4074274.8731
 -2190923.9006   4397738.4128   4074267.9921
 -2190941.3806   4397743.6607   4074261.0312
 -2190959.1342   4397749.4172   4074254.4296
 -2190977.3933   4397755.0710   4074247.5307
 -2190994.8601   4397760.8766   4074240.7555
 -2191013.0015   4397765.9884   4074233.8063
 -2191031.1243   4397772.1072   4074226.5412
 -2191048.7642   4397777.4441   4074220.1220
 -2191066.5512   4397783.5371   4074213.1988
 -2191083.7883   4397788.7709   4074205.8277
 -2191102.3535   4397795.1008   4074200.0381
 -2191120.1750   4397800.6591   4074192.5913
 -2191138.3936   4397806.3041   4074185.8235
 -2191155.8641   4397812.1470   4074179.2307
 -2191173.5501   4397817.6237   4074171.7828
 -2191192.4460   4397823.8898   4074165.7421
 -2191210.0072   4397829.4893   4074158.2522
 -2191227.7150   4397835.1728   4074150.9906
 -2191245.6047   4397840.3479   4074144.3653
 -2191263.5526   4397846.0113   4074137.5258
 -2191281.7144   4397852.4548   4074131.0171
 -2191299.8173   4397858.5877   4074124.2826
 -2191316.7046   4397863.2080   4074116.7611
 -2191334.9326   4397869.1480   4074109.8712
 -2191353.0486   4397874.7503   4074103.1342
 -2191371.2040   4397881.2318   4074097.0511
 -2191388.6408   4397885.9854   4074089.9608
 -2191406.8504   4397891.7978   4074082.7473
 -2191424.9209   4397898.1202   4074075.8552
 -2191442.6710   4397903.5592   4074069.0275
 -2191460.7267   4397909.9933   4074063.2214
 -2191479.1271   4397915.7273   4074056.3662
 -2191496.6238   4397921.0737   4074048.9707
 -2191514.0003   4397926.4602   4074042.2240
 -2191531.5294   4397931.0327   4074034.2869
 -2191549.8894   4397937.0510   4074027.0854
 -2191567.9609   4397943.7985   4074021.2450
 -2191585.7173   4397949.8079   4074014.8365
 -2191603.9226   4397956.0374   4074008.6109
 -2191621.6110   4397960.4071   4074000.8589
 -2191639.3399   4397966.1264   4073993.6404
 -2191657.0661   4397971.9345   4073986.5950
 -2191674.9699   4397977.7671   4073979.9062
 -2191693.4752   4397983.2706   4073973.3905
 -2191710.8725   4397988.8053   4073966.2400
 -2191729.2347   4397995.1901   4073959.5968
 -2191747.0510   4398001.0388   4073952.9184
 -2191764.9381   4398006.8148   4073946.4775
 -2191782.6304   4398011.8954   4073938.7389
 -2191800.4056   4398017.0701   4073931.1182
 -2191818.4475   4398023.1231   4073924.7032
 -2191836.5177   4398029.1337   4073918.5794
 -2191854.1114   4398034.8338   4073911.8627
 -2191872.4754   4398041.1518   4073905.3909
 -2191890.3316   4398046.9884   4073898.4243
 -2191908.3165   4398052.3296   4073891.5973
 -2191925.9910   4398057.8737   4073884.3351
 -2191943.4444   4398063.2340   4073876.8444
 -2191961.4929   4398068.1959   4073869.5214
 -2191979.4525   4398074.5439   4073863.5288
 -2191998.0698   4398081.3390   4073857.5506
 -2192015.4647   4398086.4729   4073849.7182
 -2192033.3902   4398092.6151   4073843.6700
 -2192050.9122   4398097.6712   4073836.3125
 -2192069.2008   4398104.0712   4073829.8782
 -2192087.3317   4398109.3958   4073822.8677
 -2192105.2181   4398115.1946   4073815.5397
 -2192122.5470   4398120.7651   4073808.6675
 -2192141.3143   4398127.0311   4073802.7462
 -2192158.6581   4398131.9791   4073795.3627
 -2192176.4053   4398137.9746   4073788.5478
 -2192194.1366   4398143.7351   4073781.6459
 -2192211.8123   4398148.8135   4073774.5287
 -2192230.5007   4398155.5408   4073768.1446
 -2192248.3611   4398161.1156   4073761.6282
 -2192266.3842   4398166.9011   4073754.2272
 -2192284.3717   4398171.8672   4073747.1704
 -2192302.0087   4398177.6681   4073740.0104
 -2192319.8927   4398184.0210   4073733.9618
 -2192338.4212   4398189.8441   4073727.4463
 -2192355.7038   4398195.4264   4073719.9888
 -2192373.4227   4398200.6382   4073712.6175
 -2192391.3284   4398205.7089   4073705.4606
 -2192409.0806   4398212.4869   4073699.5771
 -2192427.7881   4398218.2254   4073693.2747
 -2192444.9236   4398223.8288   4073685.7306
 -2192462.8404   4398230.2205   4073678.8849
 -2192480.8589   4398234.9625   4073671.6102
 -2192498.4738   4398240.9578   4073665.3217
 -2192516.9175   4398246.4848   4073658.4328
 -2192534.7472   4398252.0997   4073651.6288
 -2192552.0235   4398258.4710   4073644.7756
 -2192570.0496   4398263.7021   4073637.3894
 -2192588.3063   4398269.2798   4073630.7514
 -2192605.9848   4398275.0378   4073623.7269
 -2192624.1118   4398280.9763   4073617.1156
 -2192642.1148   4398286.6861   4073610.2999
 -2192659.8019   4398291.7485   4073603.3026
 -2192676.9478   4398296.7245   4073595.7225
 -2192695.2946   4398303.1204   4073589.5585
 -2192713.3694   4398309.4380   4073582.9182
 -2192731.4368   4398315.7382   4073576.1674
 -2192748.7539   4398320.2243   4073568.9818
 -2192767.0755   4398326.7282   4073562.6071
 -2192785.7075   4398333.0352   4073556.2640
 -2192802.8059   4398338.0018   4073548.4766
 -2192821.1054   4398343.7800   4073541.3343
 -2192839.1273   4398349.4164   4073535.1604
 -2192856.9846   4398355.3439   4073528.7684
 -2192874.5452   4398361.2641   4073521.5443
 -2192892.2877   4398366.4560   4073514.2531
 -2192910.6562   4398372.3128   4073507.6660
 -2192928.2880   4398378.4878   4073501.0999
 -2192945.7750   4398383.3186   4073494.0241
 -2192963.9021   4398389.0526   4073486.9287
 -2192982.0925   4398395.4270   4073480.2126
 -2193000.2194   4398401.5010   4073473.5478
 -2193018.1055   4398406.8109   4073466.6922
 -2193036.5676   4398412.5113   4073459.7039
 -2193053.7815   4398418.1328   4073452.7386
 -2193071.5176   4398423.9988   4073445.7680
 -2193088.9996   4398429.1234   4073438.4024
 -2193107.0462   4398435.0468   4073431.7336
 -2193125.2288   4398440.7421   4073425.2750
 -2193143.6196   4398446.8453   4073418.3410
 -2193160.7148   4398451.9403   4073411.5233
 -2193178.6002   4398457.8693   4073404.4322
 -2193196.7425   4398463.5207   4073397.3805
 -2193214.5590   4398469.3301   4073391.0303
 -2193232.2900   4398475.2132   4073383.5619
 -2193250.6025   4398480.9953   4073377.2022
 -2193268.2159   4398486.3958   4073370.3938
 -2193285.8005   4398492.0364   4073363.2427
 -2193304.0454   4398497.7410   4073356.6301
 -2193321.4098   4398503.4456   4073349.3229
 -2193340.4726   4398509.4407   4073342.7559
 -2193357.9120   4398514.9893   4073335.6852
 -2193376.2269   4398520.9934   4073329.5772
 -2193394.1542   4398526.9949   4073322.7480
 -2193411.7875   4398532.2838   4073315.4382
 -2193429.9020   4398538.2534   4073308.9599
 -2193446.7371   4398543.2771   4073301.4403
 -2193465.6890   4398549.2819   4073294.6181
 -2193482.8258   4398555.0267   4073287.8512
 -2193501.0691   4398560.6234   4073281.0617
 -2193519.0908   4398567.1041   4073274.5524
 -2193536.9245   4398572.3064   4073267.6180
 -2193554.4205   4398578.1712   4073260.7652
 -2193572.5902   4398583.7034   4073253.4806
 -2193590.5842   4398589.3201   4073246.5621
 -2193609.1787   4398595.2513   4073240.0524
 -2193626.8622   4398601.3706   4073233.6744
 -2193644.5168   4398607.3076   4073227.0841
 -2193662.4646   4398612.5060   4073219.6450
 -2193680.0728   4398617.6986   4073212.1882
 -2193698.0532   4398623.6590   4073205.8488
 -2193715.9394   4398629.7151   4073199.1453
 -2193733.7626   4398635.0811   4073191.5277
 -2193751.0962   4398640.9811   4073185.1528
 -2193769.4557   4398646.7714   4073178.4588
 -2193787.5682   4398652.2403   4073171.2938
 -2193805.8092   4398658.5177   4073164.7951
 -2193824.1429   4398664.1331   4073158.3090
 -2193841.2958   4398669.0535   4073150.6853
 -2193858.7829   4398674.9604   4073144.0851
 -2193877.5702   4398680.9311   4073137.9237
 -2193894.7354   4398686.9612   4073130.4878
 -2193913.0009   4398692.4535   4073123.3249
 -2193930.1897   4398697.4417   4073116.6229
 -2193948.7400   4398703.5675   4073109.7120
 -2193967.1904   4398710.0789   4073103.5692
 -2193984.6592   4398715.6665   4073096.4721
 -2194002.3683   4398720.7596   4073089.4627
 -2194020.3879   4398726.5448   4073082.1931
 -2194038.7559   4398732.0992   4073074.6574
 -2194056.3013   4398738.2357   4073069.0038
 -2194073.5734   4398744.0917   4073062.0808
 -2194091.6545   4398749.6480   4073055.0061
 -2194109.7725   4398755.7019   4073048.2297
 -2194127.2823   4398761.0737   4073041.4020
 -2194145.5316   4398767.6242   4073035.3640
 -2194163.5393   4398772.4056   4073027.7502
 -2194181.6027   4398778.2692   4073020.7339
 -2194198.7668   4398783.4096   4073013.4047
 -2194217.1537   4398790.0414   4073007.2808
 -2194235.4086   4398795.7409   4073000.2782
 -2194252.6884   4398800.6438   4072993.0658
 -2194270.8314   4398807.1412   4072986.6095
 -2194288.8997   4398812.6883   4072979.8237
 -2194306.9883   4398818.0638   4072972.8957
 -2194324.7973   4398824.3378   4072966.2805
 -2194342.3458   4398829.7767   4072959.6712
 -2194360.9571   4398835.5441   4072952.2395
 -2194378.6085   4398841.0834   4072945.2958
 -2194396.4090   4398846.9843   4072938.5130
 -2194414.2347   4398852.9596   4072932.1889
 -2194432.2369   4398858.3966   4072924.8703
 -2194449.7635   4398863.8789   4072917.6717
 -2194467.8171   4398869.6772   4072910.7753
 -2194485.6253   4398875.4410   4072904.0022
 -2194503.8628   4398881.3377   4072897.6624
 -2194521.7676   4398887.5724   4072890.9387
 -2194538.8554   4398892.4031   4072883.6866
 -2194556.5164   4398898.3905   4072876.7118
 -2194575.3163   4398903.9323   4072870.2193
 -2194592.9610   4398909.6612   4072863.0860
 -2194611.4765   4398915.7637   4072856.0187
 -2194629.0491   4398921.2521   4072849.6027
 -2194646.4892   4398926.9865   4072842.6427
 -2194664.4468   4398932.2735   4072835.6178
 -2194682.2457   4398938.0761   4072828.8157
 -2194700.6566   4398943.9203   4072821.5404
 -2194718.8263   4398949.8360   4072814.8734
 -2194736.6266   4398955.8907   4072808.2267
 -2194754.5791   4398961.7777   4072802.1989
 -2194772.1202   4398967.4457   4072794.8506
 -2194790.1966   4398972.7552   4072787.4884
 -2194807.5345   4398977.8061   4072780.4548
 -2194825.4194   4398984.1739   4072774.0698
 -2194843.4911   4398989.5765   4072766.9209
 -2194860.8456   4398995.3904   4072760.3202
 -2194879.3986   4399001.0989   4072753.3965
 -2194896.9078   4399006.5017   4072746.5363
 -2194914.4014   4399012.5434   4072739.5869
 -2194932.6562   4399018.2966   4072732.5024
 -2194950.6466   4399024.3280   4072726.0323
 -2194968.7474   4399029.8983   4072719.1860
 -2194986.9645   4399035.7432   4072712.4684
 -2195004.6045   4399041.2905   4072705.3289
 -2195022.0852   4399046.7178   4072698.3586
 -2195040.2716   4399052.1262   4072690.6068
 -2195058.8238   4399058.3179   4072684.9474
 -2195076.3798   4399064.3274   4072677.9071
 -2195093.9545   4399070.2537   4072671.0803
 -2195111.6017   4399075.4201   4072663.8456
 -2195129.1063   4399081.4704   4072657.3183
 -2195147.3674   4399086.8936   4072650.1957
 -2195165.6649   4399092.6310   4072643.1310
 -2195183.6106   4399098.5295   4072637.1506
 -2195201.4719   4399104.1017   4072630.2298
 -2195219.6456   4399110.0115   4072623.4593
 -2195237.7271   4399115.5715   4072616.6067
 -2195255.7944   4399120.9294   4072608.7333
 -2195274.1669   4399127.2152   4072602.7425
 -2195291.4283   4399133.3201   4072595.6833
 -2195308.8711   4399138.8627   4072589.3486
 -2195326.8206   4399144.1672   4072581.8093
 -2195343.9722   4399149.7644   4072574.8598
 -2195362.7652   4399155.4683   4072568.4838
 -2195380.3904   4399161.7254   4072561.7381
 -2195398.4253   4399167.5283   4072555.0804
 -2195416.3639   4399172.7318   4072547.5859
EOF