 -2173831.5619   4381457.9850   4093730.4418
 -2173832.2802   4381456.7562   4093731.6535
 -2173833.8169   4381455.7536   4093730.7538
 -2173834.1247   4381458.1410   4093729.4797
 -2173833.0406   4381462.4814   4093730.9364
 -2173832.8175   4381463.0355   4093731.6420
 -2173829.6771   4381461.9748   4093734.7087
 -2173829.4719   4381461.3509   4093738.0568
 -2173826.9981   4381466.0129   4093737.5784
 -2173828.7942   4381460.8047   4093736.3266
 -2173830.7823   4381461.2558   4093736.6430
 -2173831.5741   4381461.0812   4093738.5729
 -2173832.0022   4381460.3290   4093737.0332
 -2173832.1837   4381462.1667   4093739.1281
 -2173830.4673   4381463.8780   4093740.1252
 -2173830.9518   4381464.3918   4093742.3010
 -2173830.1258   4381462.3170   4093740.7573
 -2173828.4426   4381464.7667   4093740.8015
 -2173827.6619   4381466.8419   4093739.7274
 -2173829.5307   4381465.2834   4093737.8472
 -2173830.1819   4381465.1096   4093738.2368
 -2173830.3759   4381461.8307   4093735.6193
 -2173830.4948   4381462.5183   4093734.4482
 -2173830.4854   4381464.4657   4093734.0259
 -2173830.1023   4381463.1010   4093733.7983
 -2173830.8403   4381462.3063   4093732.6864
 -2173830.8943   4381463.4118   4093731.9594
 -2173831.2015   4381462.6054   4093731.2445
 -2173830.7262   4381461.8563   4093731.2268
 -2173830.2884   4381462.7620   4093732.0576
 -2173830.6305   4381463.6173   4093733.3477
 -2173829.8262   4381462.5270   4093733.3429
 -2173830.4883   4381462.5922   4093733.5701
 -2173829.9323   4381463.0669   4093734.3930
 -2173829.7197   4381462.2084   4093734.2174
 -2173829.2682   4381461.8494   4093733.0765
 -2173829.2071   4381460.2560   4093732.2859
 -2173828.5641   4381460.4214   4093732.2642
 -2173829.2212   4381459.6835   4093732.5420
 -2173829.5933   4381459.6343   4093731.9645
 -2173829.9314   4381460.6719   4093732.5544
 -2173830.1210   4381459.5332   4093731.1066
 -2173829.8280   4381459.3125   4093730.5759
 -2173830.5705   4381459.5387   4093730.5063
 -2173830.8037   4381460.1303   4093731.1334
 -2173829.4435   4381459.6176   4093730.9699
 -2173829.4687   4381459.9790   4093731.4196
 -2173829.3604   4381459.3604   4093730.7232
 -2173830.1904   4381460.0754   4093731.3653
 -2173830.9116   4381460.3060   4093731.6794
 -2173830.6599   4381460.2038   4093731.4658
 -2173831.2773   4381460.6136   4093731.8109
 -2173831.6348   4381460.1323   4093731.2324
 -2173831.3561   4381460.0783   4093731.4891
 -2173832.1659   4381460.3475   4093731.9092
 -2173832.4115   4381461.5230   4093732.6346
 -2173832.7781   4381461.5338   4093732.6349
 -2173832.8768   4381461.7829   4093732.7355
 -2173832.6484   4381461.6185   4093732.6275
 -2173832.5586   4381461.4847   4093732.7360
 -2173832.5267   4381460.7477   4093732.2577
 -2173831.7901   4381460.5390   4093732.0518
 -2173831.4726   4381460.4750   4093731.9655
 -2173831.5334   4381460.8884   4093732.5102
 -2173831.0335   4381460.4746   4093731.7480
 -2173831.4489   4381460.1580   4093731.3164
 -2173831.5549   4381460.2743   4093731.5716
 -2173831.4710   4381460.3475   4093731.6966
 -2173831.4837   4381459.9185   4093731.2474
 -2173831.5912   4381460.2007   4093731.4712
 -2173831.3926   4381460.1735   4093731.3546
 -2173831.3879   4381459.9771   4093731.2348
 -2173831.5281   4381460.5036   4093731.6741
 -2173832.0025   4381461.6041   4093732.3510
 -2173831.3338   4381460.8953   4093731.7663
 -2173831.3336   4381460.7723   4093731.3832
 -2173830.8403   4381460.2616   4093730.8487
 -2173830.6525   4381460.1575   4093730.6938
 -2173830.5846   4381460.1207   4093730.7158
 -2173830.4052   4381460.0464   4093730.4536
 -2173829.7697   4381459.8309   4093730.1657
 -2173829.4414   4381459.4351   4093729.8616
 -2173829.3598   4381459.3774   4093729.8878
 -2173829.4720   4381459.7487   4093730.0292
 -2173829.6819   4381459.9495   4093730.2970
 -2173829.7661   4381460.1220   4093730.4827
 -2173829.2316   4381459.4659   4093730.0148
 -2173829.0661   4381459.0934   4093729.7302
 -2173829.1266   4381458.9183   4093729.6839
 -2173829.1442   4381458.8765   4093729.9077
 -2173829.1133   4381458.9446   4093729.9233
 -2173828.9839   4381458.4242   4093729.4880
 -2173829.6860   4381459.1414   4093730.1458
 -2173829.6468   4381458.8752   4093729.9426
 -2173829.7816   4381459.2870   4093730.2935
 -2173829.8275   4381458.9777   4093729.9155
 -2173830.3375   4381459.4368   4093730.1168
 -2173829.6871   4381459.1395   4093729.8886
 -2173829.7375   4381459.3579   4093730.1467
 -2173829.5383   4381459.1140   4093729.9824
 -2173829.6463   4381458.8870   4093729.6955
 -2173829.5338   4381458.6066   4093729.4672
 -2173829.7105   4381458.8079   4093729.5339
 -2173829.6363   4381458.4378   4093729.3191
 -2173829.4384   4381458.0483   4093728.9900
 -2173829.3935   4381458.1072   4093729.0517
 -2173829.6541   4381458.4434   4093729.4187
 -2173829.6489   4381458.5724   4093729.5410
 -2173829.9210   4381458.7385   4093729.7010
 -2173830.0632   4381458.5421   4093729.7004
 -2173830.0245   4381458.2722   4093729.4379
 -2173829.9006   4381458.1295   4093729.3794
 -2173830.2148   4381458.3980   4093729.6194
 -2173830.1364   4381458.4725   4093729.6605
 -2173830.1098   4381458.4280   4093729.6376
 -2173830.3240   4381458.7000   4093729.7908
 -2173830.1704   4381458.3908   4093729.5690
 -2173830.0648   4381458.3186   4093729.5962
 -2173830.2392   4381458.5165   4093729.8017
 -2173830.5254   4381458.7576   4093730.0068
 -2173830.4384   4381458.7799   4093730.0345
 -2173830.3316   4381458.6866   4093729.9686
 -2173830.3094   4381458.6619   4093729.9974
 -2173830.3208   4381458.5267   4093729.8779
 -2173830.2153   4381458.4117   4093729.7566
 -2173830.0211   4381458.1254   4093729.4122
 -2173830.1339   4381458.4214   4093729.6210
 -2173830.2995   4381458.4012   4093729.6352
 -2173830.2526   4381458.5056   4093729.7487
 -2173830.1096   4381458.4051   4093729.6669
 -2173830.3849   4381458.7174   4093729.9219
 -2173830.4134   4381458.5309   4093729.8659
 -2173830.3419   4381458.4947   4093729.7846
 -2173830.3980   4381458.6025   4093729.9474
 -2173830.5327   4381458.6285   4093729.9842
 -2173830.7338   4381459.0206   4093730.2873
 -2173830.7908   4381458.9776   4093730.2449
 -2173830.6911   4381458.8480   4093730.2156
 -2173830.8136   4381458.8615   4093730.2273
 -2173830.8731   4381458.9624   4093730.3091
 -2173830.7601   4381458.8699   4093730.2284
 -2173830.8136   4381458.8075   4093730.1576
 -2173830.8576   4381458.9662   4093730.2593
 -2173830.9029   4381458.9791   4093730.3127
 -2173830.8514   4381459.0145   4093730.4178
 -2173830.7765   4381458.9670   4093730.4124
 -2173830.7349   4381458.8836   4093730.2951
 -2173830.8222   4381459.1253   4093730.4745
 -2173830.7889   4381459.0351   4093730.3588
 -2173831.0214   4381459.1916   4093730.4301
 -2173831.1678   4381459.2870   4093730.5280
 -2173831.2930   4381459.3206   4093730.4773
 -2173831.2387   4381459.1739   4093730.3492
 -2173831.3919   4381459.3731   4093730.5485
 -2173831.5899   4381459.5920   4093730.7206
 -2173831.5123   4381459.4021   4093730.5827
 -2173831.5710   4381459.4708   4093730.6499
 -2173831.6203   4381459.6367   4093730.8215
 -2173831.5735   4381459.5527   4093730.7215
 -2173831.7024   4381459.6705   4093730.8680
 -2173831.6232   4381459.4838   4093730.7071
 -2173831.7022   4381459.4715   4093730.6751
 -2173831.5473   4381459.4706   4093730.7218
 -2173831.7232   4381459.6363   4093730.9586
 -2173831.6770   4381459.5853   4093730.9311
 -2173831.8133   4381459.7041   4093731.0424
 -2173831.8154   4381459.7682   4093731.0903
 -2173831.7636   4381459.8111   4093731.1180
 -2173831.6761   4381459.7838   4093731.0748
 -2173831.6687   4381459.8674   4093731.1872
 -2173831.7026   4381459.9214   4093731.2620
 -2173831.6469   4381459.8892   4093731.2699
 -2173831.6158   4381459.7697   4093731.2005
 -2173831.7072   4381459.9425   4093731.3494
 -2173831.5948   4381459.8638   4093731.2753
 -2173831.5712   4381459.8968   4093731.3118
 -2173831.5676   4381459.9418   4093731.3659
 -2173831.5691   4381459.9771   4093731.3639
 -2173831.5938   4381459.8959   4093731.3221
 -2173831.4656   4381459.7787   4093731.2632
 -2173831.3022   4381459.7473   4093731.2849
 -2173831.2122   4381459.6283   4093731.1565
 -2173831.1146   4381459.5330   4093731.0438
 -2173831.0341   4381459.3331   4093730.8869
 -2173831.1019   4381459.4472   4093730.9951
 -2173831.0466   4381459.2028   4093730.7629
 -2173831.0393   4381459.1156   4093730.7236
 -2173831.0894   4381459.0721   4093730.7127
 -2173831.1897   4381459.1383   4093730.7614
 -2173831.2665   4381459.1272   4093730.7189
 -2173831.1911   4381459.1024   4093730.6708
 -2173831.2599   4381459.0967   4093730.6474
 -2173831.2439   4381459.1211   4093730.7049
 -2173831.2367   4381459.0358   4093730.6343
 -2173831.1667   4381459.1065   4093730.6470
 -2173831.1644   4381459.0405   4093730.6227
 -2173831.1778   4381459.0401   4093730.6367
 -2173831.2728   4381459.1453   4093730.7380
 -2173831.2478   4381459.1628   4093730.7512
 -2173831.3073   4381459.1803   4093730.7962
 -2173831.3382   4381459.1780   4093730.7741
 -2173831.2736   4381459.0249   4093730.6450
 -2173831.3160   4381459.0173   4093730.6164
 -2173831.3032   4381459.0033   4093730.6139
 -2173831.2781   4381459.0528   4093730.6649
 -2173831.2349   4381458.9919   4093730.5884
 -2173831.1561   4381458.9402   4093730.4883
 -2173831.1205   4381458.9280   4093730.4818
 -2173831.1677   4381458.8998   4093730.4391
 -2173831.1490   4381458.8962   4093730.4594
 -2173831.1591   4381458.8970   4093730.4342
 -2173831.0740   4381458.8629   4093730.3937
 -2173831.0771   4381458.8021   4093730.3037
 -2173831.1013   4381458.7856   4093730.3004
 -2173831.1433   4381458.8052   4093730.3259
 -2173831.0874   4381458.8279   4093730.3410
 -2173831.0675   4381458.8126   4093730.3550
 -2173831.0168   4381458.8012   4093730.3613
 -2173830.9743   4381458.8510   4093730.4084
 -2173830.9410   4381458.8764   4093730.4539
 -2173830.9861   4381458.8753   4093730.4730
 -2173831.0064   4381458.8743   4093730.4527
 -2173831.0177   4381458.8792   4093730.4612
 -2173830.9520   4381458.8474   4093730.4027
 -2173830.9466   4381458.7962   4093730.3648
 -2173830.8669   4381458.7981   4093730.3847
 -2173830.8327   4381458.8254   4093730.4246
 -2173830.8472   4381458.8056   4093730.4221
 -2173830.8624   4381458.7656   4093730.3791
 -2173830.8286   4381458.7694   4093730.3739
 -2173830.8742   4381458.7588   4093730.3559
 -2173830.8737   4381458.7230   4093730.3436
 -2173830.8858   4381458.7999   4093730.3968
 -2173830.8238   4381458.8121   4093730.4008
 -2173830.8373   4381458.8465   4093730.4121
 -2173830.8854   4381458.8612   4093730.4315
 -2173830.9254   4381458.9056   4093730.4845
 -2173830.9173   4381458.9501   4093730.5202
 -2173830.9252   4381458.9882   4093730.5656
 -2173830.8948   4381459.0080   4093730.5902
 -2173830.8717   4381459.0389   4093730.6176
 -2173830.8553   4381459.0770   4093730.6591
 -2173830.8639   4381459.1179   4093730.6916
 -2173830.9179   4381459.1669   4093730.7237
 -2173830.8784   4381459.1515   4093730.7263
 -2173830.9345   4381459.1877   4093730.7578
 -2173831.0453   4381459.2383   4093730.8181
 -2173830.9849   4381459.2218   4093730.8035
 -2173830.9834   4381459.2753   4093730.8568
 -2173831.0196   4381459.3149   4093730.9057
 -2173830.9320   4381459.2666   4093730.8481
 -2173831.0164   4381459.3170   4093730.9264
 -2173831.0848   4381459.2931   4093730.8958
 -2173831.1695   4381459.3467   4093730.9664
 -2173831.2060   4381459.3929   4093730.9810
 -2173831.1857   4381459.3809   4093730.9708
 -2173831.2321   4381459.3835   4093730.9694
 -2173831.2448   4381459.4342   4093731.0225
 -2173831.2779   4381459.4463   4093731.0443
 -2173831.2323   4381459.4656   4093731.0790
 -2173831.2012   4381459.4586   4093731.0581
 -2173831.1854   4381459.4438   4093731.0243
 -2173831.1639   4381459.4829   4093731.0598
 -2173831.1655   4381459.4509   4093731.0236
 -2173831.1606   4381459.4339   4093730.9864
 -2173831.1732   4381459.4748   4093731.0057
 -2173831.1697   4381459.4496   4093730.9642
 -2173831.1563   4381459.4768   4093730.9854
 -2173831.0784   4381459.4682   4093730.9473
 -2173831.0819   4381459.5069   4093730.9811
 -2173831.0867   4381459.4993   4093730.9632
 -2173831.1456   4381459.5393   4093731.0047
 -2173831.1453   4381459.5493   4093731.0279
 -2173831.1092   4381459.5071   4093730.9954
 -2173831.1301   4381459.5172   4093731.0169
 -2173831.1373   4381459.5331   4093731.0268
 -2173831.1361   4381459.5323   4093731.0369
 -2173831.1401   4381459.5120   4093731.0080
 -2173831.1393   4381459.4805   4093730.9857
 -2173831.1269   4381459.4922   4093731.0166
 -2173831.1430   4381459.5101   4093731.0200
 -2173831.1100   4381459.4759   4093730.9895
 -2173831.1123   4381459.5025   4093730.9938
 -2173831.1305   4381459.5089   4093730.9989
 -2173831.1679   4381459.5533   4093731.0520
 -2173831.1388   4381459.5623   4093731.0466
 -2173831.1267   4381459.5411   4093731.0286
 -2173831.1330   4381459.5245   4093731.0218
 -2173831.0968   4381459.5223   4093731.0178
 -2173831.1022   4381459.5310   4093731.0328
 -2173831.0842   4381459.5396   4093731.0142
 -2173831.1036   4381459.5387   4093731.0254
 -2173831.1575   4381459.5330   4093731.0204
 -2173831.1788   4381459.5437   4093731.0379
 -2173831.1743   4381459.5120   4093731.0137
 -2173831.1771   4381459.5008   4093731.0011
 -2173831.2259   4381459.4960   4093731.0264
 -2173831.2148   4381459.4912   4093731.0228
 -2173831.2025   4381459.5050   4093731.0349
 -2173831.2027   4381459.5049   4093731.0348
 -2173831.2027   4381459.5048   4093731.0349
 -2173831.2021   4381459.5046   4093731.0347
 -2173831.2028   4381459.5049   4093731.0352
 -2173831.2024   4381459.5049   4093731.0351
 -2173831.2020   4381459.5048   4093731.0351
 -2173831.2021   4381459.5051   4093731.0350
 -2173831.2018   4381459.5050   4093731.0350
 -2173831.2038   4381459.5060   4093731.0362
 -2173831.2071   4381459.5060   4093731.0368
 -2173831.2088   4381459.5055   4093731.0365
 -2173831.2095   4381459.5059   4093731.0371
 -2173831.2157   4381459.5059   4093731.0382
 -2173831.2163   4381459.5058   4093731.0388
 -2173831.2155   4381459.5055   4093731.0376
 -2173831.2148   4381459.5056   4093731.0365
 -2173831.2129   4381459.5049   4093731.0358
 -2173831.2162   4381459.5052   4093731.0370
 -2173831.2152   4381459.5059   4093731.0374
 -2173831.2104   4381459.5061   4093731.0377
 -2173831.2091   4381459.5055   4093731.0371
 -2173831.2073   4381459.5055   4093731.0374
 -2173831.2151   4381459.5064   4093731.0390
 -2173831.2094   4381459.5045   4093731.0355
 -2173831.2015   4381459.5056   4093731.0334
 -2173831.1968   4381459.5048   4093731.0315
 -2173831.1956   4381459.5037   4093731.0303
 -2173831.1938   4381459.5042   4093731.0296
 -2173831.1865   4381459.5029   4093731.0276
 -2173831.1851   4381459.5028   4093731.0263
 -2173831.1865   4381459.5014   4093731.0245
 -2173831.1729   4381459.5026   4093731.0197
 -2173831.1846   4381459.5048   4093731.0257
 -2173831.1811   4381459.5041   4093731.0241
 -2173831.1709   4381459.5034   4093731.0230
 -2173831.1682   4381459.5019   4093731.0196
 -2173831.1705   4381459.5002   4093731.0196
 -2173831.1706   4381459.5021   4093731.0217
 -2173831.1722   4381459.5018   4093731.0246
 -2173831.1724   4381459.5033   4093731.0283
 -2173831.1832   4381459.5023   4093731.0343
 -2173831.1747   4381459.5018   4093731.0322
 -2173831.1663   4381459.5003   4093731.0295
 -2173831.1719   4381459.4982   4093731.0301
 -2173831.1759   4381459.4986   4093731.0335
 -2173831.1828   4381459.4999   4093731.0362
 -2173831.1730   4381459.4970   4093731.0339
 -2173831.1906   4381459.4971   4093731.0378
 -2173831.1844   4381459.4944   4093731.0328
 -2173831.2027   4381459.4959   4093731.0387
 -2173831.2105   4381459.4994   4093731.0463
 -2173831.2084   4381459.4986   4093731.0463
 -2173831.2153   4381459.4960   4093731.0482
 -2173831.2132   4381459.4974   4093731.0535
 -2173831.2197   4381459.4999   4093731.0570
 -2173831.2086   4381459.4994   4093731.0509
 -2173831.2255   4381459.4976   4093731.0548
 -2173831.2209   4381459.4970   4093731.0551
 -2173831.2045   4381459.5002   4093731.0514
 -2173831.2034   4381459.5004   4093731.0525
 -2173831.1861   4381459.5049   4093731.0544
 -2173831.1870   4381459.5065   4093731.0570
 -2173831.1929   4381459.5066   4093731.0546
 -2173831.1962   4381459.5068   4093731.0562
 -2173831.2013   4381459.5105   4093731.0570
 -2173831.1883   4381459.5135   4093731.0559
 -2173831.1850   4381459.5167   4093731.0529
 -2173831.2069   4381459.5180   4093731.0613
 -2173831.2142   4381459.5150   4093731.0622
 -2173831.2087   4381459.5104   4093731.0584
 -2173831.2133   4381459.5059   4093731.0589
 -2173831.2477   4381459.5069   4093731.0697
 -2173831.2180   4381459.5077   4093731.0611
 -2173831.2417   4381459.5001   4093731.0616
 -2173831.2516   4381459.5061   4093731.0679
 -2173831.2840   4381459.5072   4093731.0768
 -2173831.3061   4381459.5033   4093731.0790
 -2173831.3252   4381459.5033   4093731.0846
 -2173831.3052   4381459.5024   4093731.0767
 -2173831.2864   4381459.5051   4093731.0805
 -2173831.2949   4381459.5032   4093731.0855
 -2173831.3133   4381459.5065   4093731.0925
 -2173831.2829   4381459.5086   4093731.0832
 -2173831.2740   4381459.5072   4093731.0793
 -2173831.2400   4381459.5096   4093731.0693
 -2173831.2374   4381459.5074   4093731.0619
 -2173831.2391   4381459.5060   4093731.0661
 -2173831.2471   4381459.5039   4093731.0658
 -2173831.2284   4381459.5068   4093731.0690
 -2173831.2081   4381459.5094   4093731.0682
 -2173831.1886   4381459.5059   4093731.0614
 -2173831.1783   4381459.5053   4093731.0605
 -2173831.1803   4381459.4999   4093731.0565
 -2173831.1875   4381459.5000   4093731.0545
 -2173831.1958   4381459.5002   4093731.0601
 -2173831.2042   4381459.5016   4093731.0646
 -2173831.1720   4381459.5102   4093731.0583
 -2173831.1739   4381459.5096   4093731.0592
 -2173831.2108   4381459.5070   4093731.0644
 -2173831.2172   4381459.5018   4093731.0633
 -2173831.2038   4381459.5081   4093731.0597
 -2173831.2039   4381459.5080   4093731.0597
 -2173831.2043   4381459.5080   4093731.0598
 -2173831.2035   4381459.5083   4093731.0600
 -2173831.2035   4381459.5085   4093731.0602
 -2173831.2037   4381459.5085   4093731.0603
 -2173831.2050   4381459.5079   4093731.0599
 -2173831.2030   4381459.5085   4093731.0602
 -2173831.2011   4381459.5087   4093731.0591
 -2173831.2009   4381459.5084   4093731.0588
 -2173831.2008   4381459.5082   4093731.0583
 -2173831.1982   4381459.5088   4093731.0585
 -2173831.2002   4381459.5078   4093731.0586
 -2173831.1981   4381459.5079   4093731.0587
 -2173831.1953   4381459.5093   4093731.0590
 -2173831.1964   4381459.5089   4093731.0571
 -2173831.1923   4381459.5097   4093731.0568
 -2173831.1900   4381459.5121   4093731.0586
 -2173831.1921   4381459.5114   4093731.0589
 -2173831.1878   4381459.5125   4093731.0586
 -2173831.1876   4381459.5126   4093731.0577
 -2173831.1829   4381459.5144   4093731.0588
 -2173831.1807   4381459.5136   4093731.0572
 -2173831.1842   4381459.5116   4093731.0552
 -2173831.1788   4381459.5128   4093731.0550
 -2173831.1862   4381459.5106   4093731.0562
 -2173831.1815   4381459.5130   4093731.0582
 -2173831.1885   4381459.5105   4093731.0590
 -2173831.1979   4381459.5083   4093731.0594
 -2173831.1974   4381459.5095   4093731.0611
 -2173831.1910   4381459.5122   4093731.0601
 -2173831.1802   4381459.5134   4093731.0611
 -2173831.1796   4381459.5138   4093731.0599
 -2173831.1825   4381459.5149   4093731.0617
 -2173831.1785   4381459.5160   4093731.0620
 -2173831.1794   4381459.5127   4093731.0625
 -2173831.1844   4381459.5060   4093731.0561
 -2173831.1815   4381459.5057   4093731.0577
 -2173831.1877   4381459.5035   4093731.0547
 -2173831.2032   4381459.4955   4093731.0513
 -2173831.2022   4381459.4956   4093731.0497
 -2173831.2035   4381459.4986   4093731.0494
 -2173831.2146   4381459.4949   4093731.0519
 -2173831.2072   4381459.4987   4093731.0567
 -2173831.1962   4381459.4997   4093731.0570
 -2173831.1865   4381459.5029   4093731.0572
 -2173831.1841   4381459.5041   4093731.0575
 -2173831.1873   4381459.5058   4093731.0590
 -2173831.1999   4381459.5036   4093731.0589
 -2173831.2093   4381459.4997   4093731.0577
 -2173831.2122   4381459.5016   4093731.0628
 -2173831.2095   4381459.5012   4093731.0607
 -2173831.1945   4381459.5043   4093731.0600
 -2173831.1837   4381459.5090   4093731.0605
 -2173831.1747   4381459.5152   4093731.0686
 -2173831.1620   4381459.5172   4093731.0666
 -2173831.1589   4381459.5206   4093731.0642
 -2173831.1632   4381459.5190   4093731.0648
 -2173831.1650   4381459.5157   4093731.0604
 -2173831.1820   4381459.5035   4093731.0523
 -2173831.1752   4381459.5105   4093731.0565
 -2173831.1732   4381459.5148   4093731.0565
 -2173831.1752   4381459.5181   4093731.0615
 -2173831.1841   4381459.5130   4093731.0599
 -2173831.2024   4381459.5179   4093731.0722
 -2173831.1921   4381459.5227   4093731.0740
 -2173831.2013   4381459.5171   4093731.0687
 -2173831.1853   4381459.5188   4093731.0712
 -2173831.1812   4381459.5190   4093731.0699
 -2173831.1769   4381459.5225   4093731.0692
 -2173831.1701   4381459.5212   4093731.0716
 -2173831.1715   4381459.5200   4093731.0727
 -2173831.1766   4381459.5168   4093731.0708
 -2173831.1721   4381459.5128   4093731.0626
 -2173831.1628   4381459.5159   4093731.0644
 -2173831.1545   4381459.5183   4093731.0628
 -2173831.1647   4381459.5079   4093731.0549
 -2173831.1552   4381459.5053   4093731.0522
 -2173831.1519   4381459.5092   4093731.0594
 -2173831.1708   4381459.4915   4093731.0491
 -2173831.1764   4381459.4949   4093731.0489
 -2173831.1727   4381459.5044   4093731.0567
 -2173831.1871   4381459.5107   4093731.0712
 -2173831.1687   4381459.5096   4093731.0593
 -2173831.1862   4381459.5022   4093731.0547
 -2173831.1867   4381459.5048   4093731.0515
 -2173831.2159   4381459.4982   4093731.0502
 -2173831.2268   4381459.4915   4093731.0452
 -2173831.2377   4381459.4823   4093731.0357
 -2173831.2091   4381459.4924   4093731.0369
 -2173831.1971   4381459.5005   4093731.0459
 -2173831.1896   4381459.5063   4093731.0517
 -2173831.1808   4381459.5035   4093731.0482
 -2173831.1745   4381459.5009   4093731.0436
 -2173831.1713   4381459.4945   4093731.0335
 -2173831.1573   4381459.4959   4093731.0265
 -2173831.1571   4381459.5005   4093731.0287
 -2173831.1489   4381459.4925   4093731.0135
 -2173831.1569   4381459.5028   4093731.0139
 -2173831.1623   4381459.4894   4093731.0006
 -2173831.1707   4381459.4847   4093730.9936
 -2173831.1656   4381459.4727   4093730.9868
 -2173831.1444   4381459.4777   4093730.9832
 -2173831.1391   4381459.4807   4093730.9851
 -2173831.1614   4381459.4731   4093730.9847
 -2173831.1344   4381459.4844   4093730.9838
 -2173831.1471   4381459.4842   4093730.9860
 -2173831.1460   4381459.4833   4093730.9908
 -2173831.1670   4381459.4650   4093730.9782
 -2173831.1465   4381459.4757   4093730.9799
 -2173831.1686   4381459.4583   4093730.9701
 -2173831.1573   4381459.4592   4093730.9635
 -2173831.1745   4381459.4471   4093730.9532
 -2173831.1717   4381459.4549   4093730.9678
 -2173831.1803   4381459.4568   4093730.9739
 -2173831.1760   4381459.4493   4093730.9640
 -2173831.1897   4381459.4149   4093730.9255
 -2173831.1797   4381459.4243   4093730.9337
 -2173831.1728   4381459.4321   4093730.9329
 -2173831.1781   4381459.4394   4093730.9381
 -2173831.1886   4381459.4560   4093730.9659
 -2173831.1688   4381459.4643   4093730.9631
 -2173831.1926   4381459.4322   4093730.9376
 -2173831.1917   4381459.4370   4093730.9364
 -2173831.2026   4381459.4469   4093730.9509
 -2173831.2252   4381459.4326   4093730.9466
 -2173831.2051   4381459.4458   4093730.9540
 -2173831.2208   4381459.4544   4093730.9663
 -2173831.2350   4381459.4470   4093730.9632
 -2173831.2281   4381459.4593   4093730.9740
 -2173831.2460   4381459.4693   4093730.9880
 -2173831.2593   4381459.4458   4093730.9721
 -2173831.2710   4381459.4335   4093730.9576
 -2173831.2760   4381459.4318   4093730.9603
 -2173831.2880   4381459.4205   4093730.9539
 -2173831.3147   4381459.4050   4093730.9512
 -2173831.2993   4381459.4168   4093730.9496
 -2173831.3115   4381459.4048   4093730.9439
 -2173831.3380   4381459.3764   4093730.9345
 -2173831.3556   4381459.3540   4093730.9254
 -2173831.3740   4381459.3513   4093730.9272
 -2173831.3651   4381459.3483   4093730.9237
 -2173831.3848   4381459.3543   4093730.9446
 -2173831.3658   4381459.3673   4093730.9540
 -2173831.3828   4381459.3760   4093730.9706
 -2173831.3876   4381459.3640   4093730.9642
 -2173831.3861   4381459.3628   4093730.9659
 -2173831.3764   4381459.3603   4093730.9685
 -2173831.3983   4381459.3584   4093730.9727
 -2173831.3632   4381459.3674   4093730.9752
 -2173831.3625   4381459.3612   4093730.9655
 -2173831.3491   4381459.3813   4093730.9805
 -2173831.3338   4381459.3778   4093730.9739
 -2173831.3285   4381459.3946   4093730.9856
 -2173831.3393   4381459.3833   4093730.9695
 -2173831.3571   4381459.3794   4093730.9749
 -2173831.3633   4381459.3762   4093730.9736
 -2173831.3664   4381459.3441   4093730.9399
 -2173831.3882   4381459.3496   4093730.9533
 -2173831.3643   4381459.3800   4093730.9779
 -2173831.3671   4381459.3767   4093730.9731
 -2173831.3505   4381459.3631   4093730.9556
 -2173831.3372   4381459.3837   4093730.9786
 -2173831.3278   4381459.3802   4093730.9640
 -2173831.3453   4381459.3793   4093730.9636
 -2173831.3519   4381459.3747   4093730.9692
 -2173831.3468   4381459.3689   4093730.9671
 -2173831.3396   4381459.3474   4093730.9470
 -2173831.3327   4381459.3274   4093730.9282
 -2173831.3428   4381459.3321   4093730.9352
 -2173831.3419   4381459.3533   4093730.9534
 -2173831.3423   4381459.3585   4093730.9577
 -2173831.3535   4381459.3731   4093730.9717
 -2173831.3698   4381459.3621   4093730.9761
 -2173831.3929   4381459.3748   4093730.9961
 -2173831.3874   4381459.3768   4093730.9952
 -2173831.3977   4381459.3785   4093730.9963
 -2173831.4166   4381459.3696   4093730.9786
 -2173831.4302   4381459.3425   4093730.9501
 -2173831.4252   4381459.3422   4093730.9333
 -2173831.4417   4381459.3388   4093730.9286
 -2173831.4494   4381459.3199   4093730.9169
 -2173831.4261   4381459.3436   4093730.9348
 -2173831.4195   4381459.3438   4093730.9303
 -2173831.4162   4381459.3449   4093730.9374
 -2173831.4279   4381459.3499   4093730.9482
 -2173831.4353   4381459.3532   4093730.9479
 -2173831.4488   4381459.3698   4093730.9604
 -2173831.4559   4381459.3678   4093730.9645
 -2173831.4480   4381459.3571   4093730.9622
 -2173831.4683   4381459.3657   4093730.9745
 -2173831.4684   4381459.3741   4093730.9810
 -2173831.4687   4381459.3622   4093730.9719
 -2173831.4684   4381459.3599   4093730.9617
 -2173831.4658   4381459.3562   4093730.9610
 -2173831.4816   4381459.3503   4093730.9601
 -2173831.4804   4381459.3778   4093730.9894
 -2173831.4745   4381459.3720   4093730.9932
 -2173831.4791   4381459.3505   4093730.9718
 -2173831.4809   4381459.3306   4093730.9500
 -2173831.4851   4381459.3318   4093730.9570
 -2173831.4747   4381459.3393   4093730.9538
 -2173831.4705   4381459.3508   4093730.9728
 -2173831.4712   4381459.3419   4093730.9739
 -2173831.4580   4381459.3442   4093730.9728
 -2173831.4581   4381459.3439   4093730.9693
 -2173831.4614   4381459.3246   4093730.9442
 -2173831.4498   4381459.3142   4093730.9292
 -2173831.4484   4381459.3059   4093730.9177
 -2173831.4468   4381459.3081   4093730.9186
 -2173831.4389   4381459.3154   4093730.9182
 -2173831.4578   4381459.3347   4093730.9375
 -2173831.4713   4381459.3370   4093730.9418
 -2173831.4673   4381459.3301   4093730.9347
 -2173831.4681   4381459.3457   4093730.9481
 -2173831.4813   4381459.3506   4093730.9569
 -2173831.4852   4381459.3462   4093730.9562
 -2173831.4853   4381459.3356   4093730.9436
 -2173831.4705   4381459.2982   4093730.9085
 -2173831.4818   4381459.3095   4093730.9134
 -2173831.4748   4381459.2898   4093730.8828
 -2173831.4829   4381459.3037   4093730.8965
 -2173831.4861   4381459.3361   4093730.9332
 -2173831.4847   4381459.3244   4093730.9168
 -2173831.4884   4381459.3339   4093730.9360
 -2173831.4824   4381459.3404   4093730.9354
 -2173831.4927   4381459.3327   4093730.9315
 -2173831.4849   4381459.3454   4093730.9315
 -2173831.4896   4381459.3414   4093730.9355
 -2173831.4884   4381459.3577   4093730.9436
 -2173831.4909   4381459.3750   4093730.9622
 -2173831.5031   4381459.3761   4093730.9693
 -2173831.5046   4381459.3976   4093730.9850
 -2173831.4899   4381459.3792   4093730.9602
 -2173831.4935   4381459.3993   4093730.9711
 -2173831.5100   4381459.3827   4093730.9547
 -2173831.5126   4381459.3889   4093730.9655
 -2173831.4939   4381459.3961   4093730.9607
 -2173831.5016   4381459.3957   4093730.9712
 -2173831.4987   4381459.3887   4093730.9673
 -2173831.4996   4381459.3735   4093730.9517
 -2173831.4992   4381459.3712   4093730.9517
 -2173831.5027   4381459.3656   4093730.9509
 -2173831.5216   4381459.3733   4093730.9598
 -2173831.5308   4381459.3692   4093730.9557
 -2173831.5397   4381459.3760   4093730.9760
 -2173831.5342   4381459.3964   4093731.0017
 -2173831.5198   4381459.3926   4093730.9925
 -2173831.5344   4381459.3675   4093730.9690
 -2173831.5240   4381459.3640   4093730.9579
 -2173831.5109   4381459.3423   4093730.9287
 -2173831.4999   4381459.3515   4093730.9341
 -2173831.5021   4381459.3423   4093730.9223
 -2173831.5167   4381459.3576   4093730.9475
 -2173831.5159   4381459.3352   4093730.9255
 -2173831.5088   4381459.3370   4093730.9277
 -2173831.5191   4381459.3659   4093730.9612
 -2173831.5292   4381459.3729   4093730.9758
 -2173831.5306   4381459.3458   4093730.9523
 -2173831.5315   4381459.3324   4093730.9386
 -2173831.5355   4381459.3539   4093730.9586
 -2173831.5470   4381459.3619   4093730.9645
 -2173831.5329   4381459.3581   4093730.9543
 -2173831.5213   4381459.3507   4093730.9429
 -2173831.5370   4381459.3466   4093730.9348
 -2173831.5499   4381459.3411   4093730.9353
 -2173831.5543   4381459.3598   4093730.9555
 -2173831.5577   4381459.3875   4093730.9854
 -2173831.5423   4381459.3845   4093730.9726
 -2173831.5528   4381459.3807   4093730.9611
 -2173831.5513   4381459.3711   4093730.9605
 -2173831.5628   4381459.3859   4093730.9656
 -2173831.5706   4381459.3897   4093730.9658
 -2173831.5686   4381459.4279   4093731.0045
 -2173831.5726   4381459.4264   4093731.0110
 -2173831.5791   4381459.4278   4093731.0145
 -2173831.5824   4381459.4340   4093731.0160
 -2173831.5773   4381459.4348   4093731.0154
 -2173831.5807   4381459.4316   4093731.0142
 -2173831.5677   4381459.4077   4093730.9872
 -2173831.5898   4381459.3989   4093730.9849
 -2173831.5924   4381459.4076   4093730.9916
 -2173831.5931   4381459.3895   4093730.9743
 -2173831.5957   4381459.4050   4093730.9856
 -2173831.5909   4381459.3916   4093730.9702
 -2173831.5932   4381459.3805   4093730.9541
 -2173831.6049   4381459.3790   4093730.9471
 -2173831.6213   4381459.3637   4093730.9356
 -2173831.6295   4381459.3392   4093730.9221
 -2173831.6235   4381459.3244   4093730.8995
 -2173831.6317   4381459.3086   4093730.8834
 -2173831.6314   4381459.3102   4093730.8846
 -2173831.6387   4381459.3150   4093730.8872
 -2173831.6240   4381459.3211   4093730.8946
 -2173831.6065   4381459.3270   4093730.8964
 -2173831.6125   4381459.3225   4093730.8941
 -2173831.6128   4381459.3276   4093730.8973
 -2173831.6134   4381459.3336   4093730.9004
 -2173831.6154   4381459.3134   4093730.8829
 -2173831.6031   4381459.3051   4093730.8775
 -2173831.6046   4381459.3081   4093730.8853
 -2173831.6001   4381459.2949   4093730.8712
 -2173831.6082   4381459.2868   4093730.8674
 -2173831.6030   4381459.2910   4093730.8735
 -2173831.6168   4381459.3054   4093730.8884
 -2173831.6164   4381459.3001   4093730.8846
 -2173831.6261   4381459.2898   4093730.8722
 -2173831.6316   4381459.2791   4093730.8760
 -2173831.6318   4381459.2798   4093730.8792
 -2173831.6449   4381459.2844   4093730.8750
 -2173831.6583   4381459.2956   4093730.8897
 -2173831.6670   4381459.2942   4093730.8907
 -2173831.6630   4381459.2877   4093730.8808
 -2173831.6565   4381459.3033   4093730.8864
 -2173831.6541   4381459.2865   4093730.8723
 -2173831.6523   4381459.2890   4093730.8740
 -2173831.6501   4381459.2817   4093730.8655
 -2173831.6549   4381459.2934   4093730.8839
 -2173831.6617   4381459.3030   4093730.8978
 -2173831.6682   4381459.3146   4093730.9014
 -2173831.6711   4381459.3212   4093730.9075
 -2173831.6723   4381459.3237   4093730.9059
 -2173831.6779   4381459.3346   4093730.9148
 -2173831.6912   4381459.3463   4093730.9288
 -2173831.6857   4381459.3261   4093730.9093
 -2173831.6769   4381459.3227   4093730.9016
 -2173831.6908   4381459.3194   4093730.9005
 -2173831.6922   4381459.3193   4093730.8986
 -2173831.6905   4381459.3244   4093730.9029
 -2173831.6941   4381459.3252   4093730.9075
 -2173831.6958   4381459.3297   4093730.9128
 -2173831.6925   4381459.3312   4093730.9141
 -2173831.6889   4381459.3316   4093730.9098
 -2173831.6891   4381459.3288   4093730.9087
 -2173831.6835   4381459.3352   4093730.9081
 -2173831.6924   4381459.3360   4093730.9138
 -2173831.6874   4381459.3244   4093730.9000
 -2173831.6905   4381459.3358   4093730.9055
 -2173831.6871   4381459.3309   4093730.9032
 -2173831.6806   4381459.3275   4093730.9009
 -2173831.6756   4381459.3296   4093730.9056
 -2173831.6771   4381459.3236   4093730.9088
 -2173831.6850   4381459.3327   4093730.9189
 -2173831.6864   4381459.3401   4093730.9256
 -2173831.7035   4381459.3393   4093730.9272
 -2173831.7046   4381459.3367   4093730.9333
 -2173831.6939   4381459.3322   4093730.9320
 -2173831.6875   4381459.3251   4093730.9198
 -2173831.6886   4381459.3272   4093730.9179
 -2173831.6935   4381459.3183   4093730.9101
 -2173831.7043   4381459.3313   4093730.9213
 -2173831.7034   4381459.3349   4093730.9279
 -2173831.7104   4381459.3412   4093730.9331
 -2173831.7055   4381459.3271   4093730.9223
 -2173831.7035   4381459.3274   4093730.9263
 -2173831.6988   4381459.3238   4093730.9247
 -2173831.7015   4381459.3304   4093730.9321
 -2173831.6980   4381459.3262   4093730.9250
 -2173831.7028   4381459.3292   4093730.9289
 -2173831.7133   4381459.3381   4093730.9421
 -2173831.7016   4381459.3343   4093730.9372
 -2173831.7149   4381459.3313   4093730.9321
 -2173831.7066   4381459.3371   4093730.9434
 -2173831.7121   4381459.3511   4093730.9462
 -2173831.7059   4381459.3340   4093730.9312
 -2173831.7145   4381459.3317   4093730.9243
 -2173831.7148   4381459.3246   4093730.9168
 -2173831.7105   4381459.3159   4093730.9136
 -2173831.7167   4381459.3110   4093730.9022
 -2173831.7194   4381459.3137   4093730.8961
 -2173831.7316   4381459.3217   4093730.9101
 -2173831.7332   4381459.3136   4093730.9025
 -2173831.7512   4381459.3297   4093730.9229
 -2173831.7447   4381459.3292   4093730.9266
 -2173831.7472   4381459.3304   4093730.9218
 -2173831.7494   4381459.3346   4093730.9270
 -2173831.7510   4381459.3382   4093730.9301
 -2173831.7446   4381459.3332   4093730.9242
 -2173831.7394   4381459.3252   4093730.9214
 -2173831.7398   4381459.3267   4093730.9207
 -2173831.7421   4381459.3329   4093730.9334
 -2173831.7446   4381459.3280   4093730.9321
 -2173831.7427   4381459.3297   4093730.9361
 -2173831.7383   4381459.3235   4093730.9251
 -2173831.7421   4381459.3288   4093730.9312
 -2173831.7390   4381459.3252   4093730.9216
 -2173831.7375   4381459.3295   4093730.9223
 -2173831.7472   4381459.3365   4093730.9268
 -2173831.7561   4381459.3420   4093730.9288
 -2173831.7472   4381459.3362   4093730.9201
 -2173831.7459   4381459.3316   4093730.9102
 -2173831.7516   4381459.3405   4093730.9194
 -2173831.7493   4381459.3487   4093730.9328
 -2173831.7352   4381459.3451   4093730.9262
 -2173831.7396   4381459.3465   4093730.9328
 -2173831.7349   4381459.3512   4093730.9334
 -2173831.7419   4381459.3474   4093730.9328
 -2173831.7398   4381459.3386   4093730.9228
 -2173831.7276   4381459.3294   4093730.9137
 -2173831.7154   4381459.3312   4093730.9133
 -2173831.7263   4381459.3253   4093730.9092
 -2173831.7232   4381459.3170   4093730.9010
 -2173831.7209   4381459.3046   4093730.8892
 -2173831.7098   4381459.2910   4093730.8763
 -2173831.7126   4381459.2909   4093730.8798
 -2173831.7082   4381459.2892   4093730.8779
 -2173831.7036   4381459.2934   4093730.8853
 -2173831.6984   4381459.2915   4093730.8809
 -2173831.7012   4381459.2904   4093730.8853
 -2173831.7024   4381459.2904   4093730.8853
 -2173831.7032   4381459.2964   4093730.8847
 -2173831.7158   4381459.2970   4093730.8977
 -2173831.7103   4381459.3064   4093730.9072
 -2173831.7096   4381459.3070   4093730.9059
 -2173831.7109   4381459.3057   4093730.9039
 -2173831.7115   4381459.3061   4093730.9097
 -2173831.7233   4381459.3115   4093730.9166
 -2173831.7257   4381459.3214   4093730.9312
 -2173831.7217   4381459.3192   4093730.9313
 -2173831.7227   4381459.3393   4093730.9435
 -2173831.7247   4381459.3433   4093730.9444
 -2173831.7289   4381459.3495   4093730.9518
 -2173831.7357   4381459.3506   4093730.9556
 -2173831.7341   4381459.3616   4093730.9626
 -2173831.7333   4381459.3537   4093730.9572
 -2173831.7354   4381459.3536   4093730.9585
 -2173831.7357   4381459.3533   4093730.9593
 -2173831.7402   4381459.3618   4093730.9652
 -2173831.7397   4381459.3584   4093730.9610
 -2173831.7379   4381459.3422   4093730.9466
 -2173831.7351   4381459.3538   4093730.9547
 -2173831.7451   4381459.3532   4093730.9570
 -2173831.7440   4381459.3547   4093730.9557
 -2173831.7487   4381459.3603   4093730.9614
 -2173831.7515   4381459.3558   4093730.9615
 -2173831.7479   4381459.3599   4093730.9677
 -2173831.7449   4381459.3624   4093730.9672
 -2173831.7336   4381459.3606   4093730.9615
 -2173831.7314   4381459.3634   4093730.9592
 -2173831.7372   4381459.3670   4093730.9709
 -2173831.7368   4381459.3743   4093730.9701
 -2173831.7282   4381459.3819   4093730.9722
 -2173831.7322   4381459.3810   4093730.9758
 -2173831.7269   4381459.3842   4093730.9732
 -2173831.7155   4381459.3752   4093730.9675
 -2173831.7045   4381459.3668   4093730.9587
 -2173831.6986   4381459.3642   4093730.9621
 -2173831.6937   4381459.3650   4093730.9593
 -2173831.6821   4381459.3644   4093730.9596
 -2173831.6874   4381459.3649   4093730.9563
 -2173831.6812   4381459.3677   4093730.9568
 -2173831.6765   4381459.3675   4093730.9604
EOF