 -2173831.9673   4381460.1048   4093731.4752
 -2173833.7709   4381461.3260   4093731.7872
 -2173835.1358   4381461.0309   4093730.2728
 -2173836.9997   4381461.0898   4093729.7160
 -2173838.9984   4381462.3584   4093728.8273
 -2173839.7487   4381463.7031   4093730.1346
 -2173841.6068   4381463.9525   4093730.1881
 -2173843.3828   4381464.9840   4093729.5140
 -2173845.8336   4381464.7973   4093726.6996
 -2173846.5834   4381464.7265   4093726.3252
 -2173849.6343   4381465.6284   4093725.7559
 -2173851.6288   4381465.2663   4093722.9470
 -2173852.8814   4381466.5048   4093723.8533
 -2173854.6707   4381468.0499   4093723.8988
 -2173856.6442   4381469.3362   4093723.4405
 -2173858.0597   4381470.3717   4093724.1841
 -2173859.9667   4381470.2613   4093722.4534
 -2173862.2233   4381470.5597   4093720.8820
 -2173863.7093   4381470.1658   4093719.6495
 -2173865.2498   4381470.7144   4093719.0383
 -2173867.0091   4381472.6552   4093719.8089
 -2173868.6780   4381472.4901   4093718.5952
 -2173870.4993   4381472.9993   4093717.6575
 -2173872.0270   4381472.9583   4093715.9917
 -2173874.0463   4381473.2388   4093715.4177
 -2173876.4952   4381474.7669   4093715.0766
 -2173878.4979   4381475.2511   4093713.5741
 -2173880.1879   4381474.4862   4093711.7670
 -2173882.1106   4381474.2032   4093710.7502
 -2173883.4170   4381474.1641   4093710.0071
 -2173886.1235   4381476.7908   4093710.6693
 -2173888.0012   4381477.4319   4093709.3180
 -2173889.0405   4381477.5967   4093708.6563
 -2173891.0784   4381478.3226   4093708.1260
 -2173892.5812   4381477.4664   4093706.7456
 -2173894.9759   4381479.2085   4093707.5142
 -2173896.1312   4381479.2815   4093706.4215
 -2173897.4279   4381477.8828   4093704.7551
 -2173898.9154   4381478.8250   4093704.3939
 -2173901.3721   4381478.4196   4093702.8675
 -2173903.0092   4381478.6612   4093702.3186
 -2173904.5621   4381479.1294   4093700.8310
 -2173906.2602   4381479.7537   4093699.7782
 -2173907.9503   4381480.8889   4093699.9222
 -2173909.5860   4381480.7170   4093698.7297
 -2173911.5307   4381481.6798   4093698.4443
 -2173912.8674   4381482.9199   4093697.8268
 -2173915.1875   4381483.0253   4093696.6713
 -2173917.1814   4381484.9958   4093697.2018
 -2173918.7911   4381486.6254   4093697.0274
 -2173920.5535   4381486.5625   4093696.0772
 -2173922.7079   4381486.7733   4093694.9766
 -2173924.8384   4381487.8684   4093694.3460
 -2173926.4850   4381489.1786   4093693.7432
 -2173927.5501   4381489.0170   4093692.8283
 -2173929.3825   4381489.0416   4093691.5065
 -2173931.4852   4381489.1584   4093690.9338
 -2173933.4313   4381491.0980   4093690.6099
 -2173935.9751   4381493.3722   4093690.4351
 -2173938.0974   4381493.3026   4093689.3709
 -2173938.5624   4381492.7480   4093688.1797
 -2173940.9627   4381494.7955   4093688.5995
 -2173942.2386   4381494.3686   4093687.2434
 -2173944.3496   4381494.4649   4093686.3333
 -2173946.1238   4381496.7683   4093686.5576
 -2173948.3187   4381496.8515   4093686.1565
 -2173950.0012   4381496.8215   4093685.1904
 -2173951.3782   4381496.3012   4093683.8339
 -2173952.9277   4381496.2930   4093682.6348
 -2173955.1128   4381497.4618   4093682.0189
 -2173957.5568   4381497.9284   4093681.2985
 -2173958.9504   4381498.5637   4093680.5925
 -2173961.0377   4381498.9849   4093679.8638
 -2173962.3953   4381499.6503   4093679.0207
 -2173964.6665   4381501.0440   4093678.5498
 -2173966.2031   4381502.1684   4093678.5220
 -2173968.2895   4381502.5844   4093677.7624
 -2173970.0488   4381503.6626   4093676.9546
 -2173971.9216   4381504.9226   4093676.8412
 -2173973.5962   4381505.7746   4093676.4337
 -2173975.3460   4381506.3806   4093675.5510
 -2173976.9895   4381506.0759   4093674.5365
 -2173978.6310   4381506.5060   4093673.7142
 -2173980.6421   4381508.0186   4093673.6200
 -2173982.8623   4381507.6805   4093672.1773
 -2173984.0576   4381508.5675   4093671.8038
 -2173985.1355   4381507.9653   4093670.3260
 -2173987.4449   4381509.6082   4093670.2376
 -2173988.7756   4381509.6027   4093669.2566
 -2173991.1625   4381511.5558   4093669.9332
 -2173993.0727   4381512.5406   4093669.2440
 -2173994.6064   4381511.8763   4093667.9602
 -2173996.0829   4381511.9575   4093666.8631
 -2173998.0591   4381513.2704   4093666.1275
 -2173999.7086   4381513.3473   4093665.1861
 -2174000.6195   4381512.7489   4093664.3543
 -2174003.2476   4381514.2788   4093664.0431
 -2174005.5661   4381516.1277   4093664.2201
 -2174007.5125   4381516.9221   4093663.4058
 -2174008.8585   4381517.3256   4093662.6302
 -2174010.3966   4381517.4291   4093662.1920
 -2174012.4927   4381518.0035   4093661.4156
 -2174014.3687   4381517.4845   4093660.0147
 -2174016.1139   4381518.6683   4093659.5865
 -2174017.5233   4381518.5550   4093658.7642
 -2174019.8073   4381520.0552   4093658.9437
 -2174021.6916   4381520.4792   4093658.4323
 -2174023.5870   4381521.9678   4093658.1611
 -2174025.0533   4381520.6882   4093656.6468
 -2174026.8014   4381521.2562   4093656.0175
 -2174028.3854   4381522.2276   4093655.3066
 -2174030.2502   4381522.8475   4093654.1782
 -2174031.9607   4381523.3836   4093654.0225
 -2174033.5675   4381524.1317   4093653.2433
 -2174035.4722   4381526.2038   4093653.6605
 -2174037.0476   4381525.8400   4093652.1891
 -2174039.5465   4381526.9555   4093652.0886
 -2174041.4996   4381527.7104   4093651.7494
 -2174043.3103   4381528.4831   4093651.1927
 -2174045.0009   4381528.6489   4093650.1444
 -2174047.1950   4381529.8193   4093649.4943
 -2174048.8084   4381528.8787   4093648.2743
 -2174050.9761   4381532.3956   4093648.8871
 -2174052.6327   4381532.8735   4093648.1140
 -2174054.3130   4381531.8024   4093646.6039
 -2174056.3557   4381532.4022   4093645.9499
 -2174057.7911   4381533.5646   4093645.7949
 -2174059.6829   4381534.0340   4093645.1686
 -2174061.2813   4381533.9648   4093644.4498
 -2174063.9000   4381535.9884   4093644.2927
 -2174065.8205   4381536.8033   4093643.9030
 -2174067.9809   4381537.8658   4093643.1325
 -2174069.7353   4381537.3473   4093642.6112
 -2174070.9102   4381538.1495   4093642.0747
 -2174072.2239   4381537.7206   4093640.5844
 -2174074.2945   4381538.5833   4093640.6454
 -2174075.8900   4381539.0830   4093639.2859
 -2174078.2153   4381539.9879   4093638.9293
 -2174080.1201   4381540.6659   4093638.2921
 -2174081.6137   4381540.8139   4093637.3759
 -2174083.4950   4381540.7812   4093636.5141
 -2174085.2180   4381541.1649   4093636.0051
 -2174086.8648   4381541.2319   4093635.0353
 -2174088.4281   4381542.5028   4093634.3931
 -2174090.4660   4381543.6362   4093633.8958
 -2174092.2478   4381543.0281   4093632.8283
 -2174094.2326   4381543.1690   4093632.0267
 -2174096.5806   4381544.8188   4093632.0203
 -2174097.6868   4381545.2660   4093631.0929
 -2174099.6556   4381546.3808   4093630.8532
 -2174101.8754   4381547.1932   4093630.3989
 -2174103.5368   4381546.7954   4093629.0806
 -2174104.9412   4381547.8829   4093628.6148
 -2174107.1265   4381548.3345   4093627.6535
 -2174109.1708   4381548.9232   4093627.4193
 -2174111.0190   4381550.0788   4093626.5613
 -2174112.6644   4381550.5863   4093626.0954
 -2174113.8197   4381550.3714   4093625.0311
 -2174115.6268   4381551.5957   4093624.5627
 -2174117.6951   4381551.3145   4093623.5276
 -2174119.6474   4381552.8872   4093623.4619
 -2174121.3192   4381552.9689   4093622.2501
 -2174122.8221   4381553.6373   4093621.2616
 -2174125.1729   4381554.6142   4093621.4851
 -2174127.0295   4381556.0411   4093620.9410
 -2174128.4985   4381555.5304   4093619.4886
 -2174130.2958   4381556.0348   4093618.6446
 -2174131.7658   4381556.5030   4093617.9390
 -2174134.0511   4381557.6681   4093618.1864
 -2174135.6302   4381558.4673   4093617.3101
 -2174137.4992   4381558.4155   4093616.0600
 -2174139.6347   4381558.8926   4093615.6508
 -2174141.2272   4381559.9598   4093615.2655
 -2174142.4011   4381560.1351   4093614.0455
 -2174143.8485   4381560.0992   4093612.7580
 -2174146.0307   4381561.6666   4093612.6981
 -2174147.3957   4381561.5778   4093611.5820
 -2174149.0693   4381561.4499   4093610.7002
 -2174151.4291   4381562.9702   4093610.6707
 -2174152.3462   4381563.1094   4093609.4441
 -2174154.5597   4381564.4688   4093609.3955
 -2174155.9423   4381563.0766   4093607.5966
 -2174158.3647   4381564.4590   4093607.3306
 -2174160.2879   4381565.3533   4093606.8404
 -2174161.4409   4381566.0964   4093605.9251
 -2174163.9464   4381567.8915   4093605.7968
 -2174165.8519   4381567.1803   4093604.9108
 -2174167.2046   4381567.4751   4093604.5586
 -2174169.2856   4381567.2964   4093602.8402
 -2174171.1857   4381568.3592   4093602.4292
 -2174172.7262   4381568.5232   4093601.4258
 -2174174.4967   4381569.8894   4093601.0067
 -2174176.6382   4381570.3482   4093600.9177
 -2174178.0388   4381570.5602   4093600.0283
 -2174179.4157   4381570.4195   4093598.5808
 -2174181.5913   4381571.4947   4093598.1619
 -2174184.0099   4381572.6709   4093598.2826
 -2174185.3816   4381573.3862   4093597.1986
 -2174186.7522   4381573.1791   4093596.1146
 -2174187.9855   4381574.2350   4093595.9402
 -2174189.8549   4381574.2666   4093594.9099
 -2174191.9738   4381574.0361   4093593.9345
 -2174193.7073   4381574.9944   4093593.1695
 -2174195.6234   4381577.1066   4093593.2297
 -2174197.7849   4381578.5282   4093593.3877
 -2174199.2132   4381579.3967   4093592.7205
 -2174200.9510   4381578.9008   4093591.3074
 -2174203.2440   4381580.0000   4093590.9780
 -2174205.0607   4381581.4121   4093591.0363
 -2174206.7867   4381581.2261   4093589.6736
 -2174209.3544   4381582.9899   4093590.1575
 -2174210.5139   4381582.2262   4093588.3880
 -2174212.2291   4381582.7155   4093587.6731
 -2174214.2420   4381583.8744   4093587.2575
 -2174215.8842   4381583.6594   4093586.2888
 -2174217.9691   4381584.9721   4093586.4526
 -2174219.2074   4381584.3202   4093584.3902
 -2174221.3604   4381585.3014   4093583.7517
 -2174223.3587   4381585.7077   4093583.4445
 -2174224.5915   4381584.7432   4093581.8044
 -2174226.0738   4381585.6307   4093581.2633
 -2174229.3023   4381588.7118   4093582.1986
 -2174229.6897   4381587.9121   4093580.4498
 -2174232.2684   4381589.0712   4093580.2168
 -2174234.0881   4381590.5678   4093580.1338
 -2174235.7670   4381589.7816   4093578.7842
 -2174236.8596   4381588.7779   4093576.9853
 -2174238.7206   4381589.0727   4093576.2010
 -2174240.6975   4381590.2981   4093576.0596
 -2174242.3044   4381590.8731   4093575.5021
 -2174244.3268   4381591.7173   4093574.7549
 -2174246.4945   4381593.0803   4093574.6775
 -2174248.4229   4381594.7776   4093574.6020
 -2174249.9310   4381593.6500   4093572.6325
 -2174251.8187   4381594.8048   4093572.4540
 -2174253.4113   4381594.2287   4093571.2602
 -2174255.4417   4381595.7531   4093571.4533
 -2174257.1291   4381595.5744   4093570.1252
 -2174259.3195   4381596.8590   4093570.1365
 -2174261.4211   4381598.8874   4093570.1597
 -2174262.5184   4381597.8099   4093568.4800
 -2174263.9373   4381596.3665   4093566.1703
 -2174266.2401   4381598.0024   4093566.5709
 -2174267.6118   4381598.1583   4093565.5079
 -2174269.4887   4381598.4438   4093564.8690
 -2174271.6357   4381600.5152   4093565.2829
 -2174273.5919   4381600.9054   4093564.1812
 -2174275.8055   4381601.8030   4093563.7960
 -2174277.3314   4381600.9876   4093562.2814
 -2174278.5256   4381601.3108   4093561.3878
 -2174280.4364   4381602.9858   4093561.6592
 -2174281.9563   4381603.4433   4093560.9599
 -2174283.5958   4381602.9721   4093559.3168
 -2174285.5476   4381603.2332   4093558.2645
 -2174287.5770   4381605.3571   4093558.5509
 -2174288.9566   4381605.9456   4093558.0019
 -2174290.7523   4381606.0278   4093557.1459
 -2174293.2724   4381607.6122   4093557.1080
 -2174294.9697   4381608.8711   4093556.7822
 -2174296.5733   4381608.0126   4093555.2530
 -2174298.1106   4381608.5635   4093554.4949
 -2174300.1885   4381608.6530   4093553.5237
 -2174301.7572   4381608.5908   4093552.4973
 -2174303.4881   4381608.8187   4093551.6394
 -2174305.3112   4381609.6821   4093550.8859
 -2174306.8055   4381611.8396   4093551.3332
 -2174309.4827   4381613.2133   4093551.1645
 -2174310.6220   4381611.7506   4093549.0675
 -2174312.1762   4381611.5948   4093547.7782
 -2174314.0276   4381613.0724   4093547.6306
 -2174315.5707   4381613.0698   4093546.8159
 -2174317.3983   4381614.7142   4093546.9806
 -2174320.5644   4381616.8059   4093547.1454
 -2174322.4458   4381617.9638   4093546.9290
 -2174323.5631   4381616.9570   4093545.3169
 -2174324.8059   4381616.3070   4093543.8236
 -2174326.5448   4381616.0248   4093542.7160
 -2174328.0782   4381616.5362   4093541.6174
 -2174330.4368   4381617.5962   4093541.5811
 -2174332.6066   4381619.4157   4093541.5870
 -2174334.4922   4381620.5006   4093541.2996
 -2174335.5609   4381619.2658   4093539.3984
 -2174336.8950   4381619.4479   4093538.3987
 -2174339.5050   4381622.0109   4093538.9391
 -2174341.0986   4381622.2550   4093538.0361
 -2174342.6668   4381622.3699   4093537.1844
 -2174344.1253   4381622.3681   4093536.3539
 -2174346.1777   4381623.0797   4093535.4123
 -2174348.2087   4381623.4044   4093534.6279
 -2174349.4996   4381624.2034   4093534.0638
 -2174351.1188   4381624.3465   4093533.6084
 -2174353.8681   4381626.0469   4093533.5233
 -2174355.1678   4381626.2623   4093532.1906
 -2174356.2454   4381625.3831   4093530.4598
 -2174358.5625   4381627.2639   4093531.1079
 -2174360.6950   4381629.8062   4093531.2540
 -2174362.2038   4381629.4852   4093530.5016
 -2174364.4383   4381630.5384   4093529.8834
 -2174365.2277   4381629.3489   4093527.9636
 -2174367.5676   4381629.9495   4093527.0185
 -2174369.6536   4381631.3761   4093527.0531
 -2174371.3837   4381631.3843   4093525.8786
 -2174372.9880   4381631.6172   4093525.5355
 -2174374.4997   4381632.2787   4093525.0620
 -2174376.3018   4381632.4128   4093523.8266
 -2174377.7843   4381632.7905   4093522.5329
 -2174380.1334   4381634.4353   4093523.0438
 -2174381.3771   4381634.2167   4093521.7484
 -2174383.0595   4381634.6981   4093520.8502
 -2174384.8586   4381635.3529   4093520.0349
 -2174386.7538   4381635.6438   4093519.1581
 -2174388.7820   4381636.4115   4093518.7769
 -2174389.7109   4381636.3769   4093517.9181
 -2174391.3910   4381637.2396   4093517.3986
 -2174393.7320   4381638.1067   4093516.6911
 -2174395.8826   4381639.7563   4093516.7507
 -2174397.4082   4381638.9655   4093515.0328
 -2174399.5647   4381640.6188   4093514.9981
 -2174400.9189   4381641.7804   4093515.5542
 -2174403.3129   4381642.8359   4093514.3266
 -2174404.6501   4381642.8255   4093513.0120
 -2174406.5198   4381643.7961   4093512.9128
 -2174408.2690   4381645.1416   4093512.6122
 -2174409.1771   4381643.4590   4093510.5721
 -2174411.6089   4381644.1389   4093509.8773
 -2174413.1972   4381645.2831   4093509.5627
 -2174415.5714   4381646.6971   4093509.7760
 -2174417.4529   4381647.3262   4093508.8638
 -2174419.7717   4381649.7194   4093509.1984
 -2174422.1197   4381651.4050   4093509.4420
 -2174422.3893   4381647.8216   4093506.1108
 -2174423.9460   4381647.9296   4093505.2100
 -2174426.2403   4381650.0350   4093505.3076
 -2174428.0125   4381650.2427   4093504.2613
 -2174429.5104   4381650.7469   4093503.7570
 -2174431.2006   4381649.9125   4093502.2111
 -2174432.3481   4381651.1092   4093501.6198
 -2174434.3552   4381650.9442   4093500.8257
 -2174437.0282   4381653.9288   4093501.7811
 -2174438.8298   4381653.8294   4093500.3775
 -2174440.0515   4381653.2540   4093499.1030
 -2174441.7964   4381653.8692   4093498.6335
 -2174443.2650   4381654.3023   4093497.5843
 -2174445.2105   4381655.6718   4093497.4831
 -2174446.9357   4381655.8895   4093496.6841
 -2174449.3136   4381657.0351   4093496.6125
 -2174451.2964   4381657.3425   4093495.7332
 -2174453.1171   4381658.0599   4093494.9716
 -2174454.1951   4381658.2271   4093494.0024
 -2174456.6073   4381659.9018   4093493.7999
 -2174458.3509   4381659.7839   4093492.7533
 -2174460.0403   4381660.9529   4093492.6255
 -2174462.1127   4381661.1376   4093491.9243
 -2174464.1099   4381662.9368   4093491.5154
 -2174465.6548   4381663.5262   4093490.8420
 -2174467.5890   4381663.3496   4093490.2728
 -2174469.2735   4381663.6238   4093489.0693
 -2174471.2735   4381665.8681   4093489.1623
 -2174473.3212   4381665.8852   4093488.4070
 -2174474.7210   4381666.8016   4093487.8925
 -2174476.2214   4381666.1592   4093486.8272
 -2174478.5745   4381668.0006   4093486.7160
 -2174479.7660   4381666.3932   4093485.0157
 -2174480.9558   4381666.8834   4093483.9791
 -2174482.6713   4381667.1545   4093482.7439
 -2174485.2682   4381669.4051   4093483.4414
 -2174487.3054   4381670.4170   4093482.6318
 -2174488.7582   4381670.0177   4093481.3084
 -2174490.6854   4381671.2257   4093481.2724
 -2174491.5458   4381669.9035   4093479.6619
 -2174494.3374   4381673.4904   4093480.7201
 -2174496.0036   4381672.8122   4093479.0272
 -2174497.8661   4381672.4652   4093478.0616
 -2174499.6156   4381673.6493   4093477.3540
 -2174501.1734   4381674.0533   4093476.8843
 -2174503.0883   4381675.0902   4093476.5425
 -2174504.6530   4381675.1542   4093475.2599
 -2174507.1588   4381676.5126   4093475.2982
 -2174508.8585   4381678.3609   4093475.3968
 -2174510.0189   4381677.3141   4093473.2817
 -2174511.5481   4381676.5855   4093471.9410
 -2174513.6038   4381678.2145   4093471.7908
 -2174515.3494   4381677.9472   4093470.6907
 -2174516.8698   4381678.2893   4093470.3678
 -2174518.7300   4381679.6253   4093469.8303
 -2174521.0225   4381680.9493   4093469.7620
 -2174522.4429   4381681.2969   4093468.6144
 -2174524.4824   4381681.9083   4093467.8996
 -2174525.9238   4381681.5986   4093467.1278
 -2174527.4497   4381682.0651   4093466.0604
 -2174529.6441   4381683.2793   4093465.7691
 -2174531.9046   4381685.5465   4093466.3836
 -2174533.5806   4381685.1392   4093464.9602
 -2174536.0238   4381687.1719   4093465.2556
 -2174537.2728   4381687.5508   4093463.9467
 -2174538.8543   4381686.0533   4093462.3655
 -2174540.7902   4381686.6577   4093461.8024
 -2174542.0298   4381686.5995   4093460.8468
 -2174544.3473   4381687.9630   4093460.3635
 -2174546.1215   4381689.3703   4093460.2480
 -2174547.7865   4381688.8270   4093459.3772
 -2174549.3509   4381689.0151   4093458.1975
 -2174552.2581   4381691.6217   4093458.6535
 -2174553.7829   4381691.6272   4093457.8002
 -2174555.2661   4381691.6881   4093456.7953
 -2174556.5753   4381691.3498   4093455.0829
 -2174558.4081   4381692.2238   4093455.0564
 -2174559.9396   4381692.0888   4093454.0620
 -2174562.2141   4381692.8343   4093453.1429
 -2174563.8931   4381693.7731   4093452.7303
 -2174566.4583   4381695.2344   4093452.7861
 -2174567.5606   4381695.3423   4093451.9610
 -2174569.8475   4381696.3603   4093451.6101
 -2174570.7339   4381695.2211   4093449.3366
 -2174573.2433   4381696.7384   4093449.7228
 -2174575.6395   4381698.2740   4093449.5864
 -2174577.4740   4381699.5619   4093449.1385
 -2174579.4166   4381699.2718   4093447.7623
 -2174580.4745   4381699.0853   4093446.6081
 -2174582.1329   4381699.7550   4093446.3618
 -2174583.6851   4381700.5738   4093445.6893
 -2174585.2360   4381699.5731   4093443.9553
 -2174587.6773   4381701.2529   4093443.8420
 -2174589.9074   4381702.0118   4093443.6613
 -2174591.2413   4381701.8216   4093442.3813
 -2174593.3408   4381703.5294   4093441.9382
 -2174594.9805   4381703.9829   4093441.5207
 -2174596.7854   4381704.5727   4093440.8708
 -2174597.9771   4381704.7373   4093440.1444
 -2174599.9524   4381705.2594   4093439.3780
 -2174601.9987   4381706.0743   4093438.2787
 -2174603.6116   4381706.9908   4093437.8401
 -2174605.2044   4381706.6594   4093436.8544
 -2174606.7450   4381707.4482   4093436.5298
 -2174609.2623   4381709.2088   4093436.6532
 -2174610.6445   4381708.7919   4093435.2675
 -2174612.0792   4381708.8296   4093434.1786
 -2174614.1268   4381709.8749   4093433.7921
 -2174615.0957   4381708.9906   4093432.1522
 -2174617.3546   4381710.7573   4093432.0680
 -2174620.0144   4381712.7978   4093432.4591
 -2174621.8191   4381712.2918   4093431.1210
 -2174623.4444   4381712.9752   4093430.4836
 -2174625.3345   4381713.3867   4093430.4356
 -2174627.3224   4381713.7415   4093429.3342
 -2174628.7735   4381714.6591   4093428.8468
 -2174630.8674   4381716.1888   4093428.6533
 -2174631.8029   4381715.2079   4093426.5374
 -2174634.2459   4381716.0547   4093426.3380
 -2174635.8063   4381716.9824   4093425.6329
 -2174637.4498   4381716.4229   4093424.3087
 -2174638.9507   4381716.9858   4093423.4676
 -2174641.0489   4381718.5866   4093423.5379
 -2174643.0614   4381719.2548   4093423.0061
 -2174645.0255   4381719.6443   4093422.7115
 -2174646.7170   4381719.5299   4093421.5396
 -2174648.8143   4381720.8800   4093421.2049
 -2174650.0159   4381720.9990   4093419.8156
 -2174652.2368   4381722.3551   4093419.7824
 -2174653.8615   4381721.9856   4093418.6829
 -2174655.4168   4381722.5902   4093418.2691
 -2174658.0458   4381723.8014   4093418.0041
 -2174659.3044   4381723.8955   4093416.6242
 -2174661.0949   4381724.3104   4093416.0614
 -2174662.6958   4381724.9388   4093415.2980
 -2174665.3100   4381726.3957   4093414.6007
 -2174666.5359   4381726.5152   4093414.2206
 -2174667.8085   4381726.5122   4093413.3571
 -2174669.7278   4381726.9652   4093412.7219
 -2174671.0449   4381727.3111   4093411.1725
 -2174674.0042   4381729.3144   4093411.5655
 -2174675.2525   4381729.1557   4093410.9054
 -2174677.4620   4381730.3671   4093410.4327
 -2174679.1646   4381730.4772   4093409.3350
 -2174681.0996   4381730.3216   4093408.3115
 -2174682.2640   4381731.1036   4093407.5862
 -2174684.4022   4381731.9666   4093407.0964
 -2174686.0500   4381732.3678   4093406.0779
 -2174688.2407   4381733.6253   4093405.8525
 -2174689.7898   4381734.1353   4093405.2485
 -2174691.2279   4381733.7562   4093404.3008
 -2174692.8928   4381734.6611   4093403.6102
 -2174694.6679   4381735.4787   4093403.4033
 -2174696.7275   4381736.1193   4093402.8860
 -2174697.9800   4381735.6155   4093401.0862
 -2174700.6394   4381737.4683   4093400.9836
 -2174702.5050   4381737.7719   4093400.6222
 -2174703.9115   4381738.7339   4093400.3526
 -2174706.2256   4381739.6605   4093399.6516
 -2174708.0308   4381740.2961   4093398.9132
 -2174709.1381   4381740.2904   4093397.9331
 -2174711.3368   4381740.8487   4093397.6176
 -2174713.3935   4381741.7536   4093396.8889
 -2174714.8722   4381742.2532   4093396.2233
 -2174716.2708   4381741.6822   4093394.4492
 -2174718.1532   4381742.6172   4093393.9898
 -2174720.2598   4381743.4284   4093393.9119
 -2174721.2412   4381743.3308   4093392.4236
 -2174723.2771   4381744.2786   4093391.3903
 -2174725.6845   4381745.4747   4093391.9494
 -2174727.1253   4381745.1514   4093390.4466
 -2174729.0489   4381747.0515   4093390.8737
 -2174730.8300   4381747.1295   4093389.5962
 -2174732.5178   4381747.7226   4093388.8928
 -2174734.1860   4381747.6359   4093387.9646
 -2174736.6953   4381748.4348   4093387.3003
 -2174738.3506   4381749.2992   4093386.9812
 -2174739.5014   4381749.8126   4093386.1737
 -2174741.2264   4381750.9619   4093385.9328
 -2174743.1781   4381751.5725   4093385.2031
 -2174745.0784   4381752.5678   4093384.8326
 -2174746.6023   4381751.7684   4093383.1611
 -2174749.0499   4381752.8253   4093383.0376
 -2174750.2076   4381752.7624   4093381.7410
 -2174752.4258   4381754.5337   4093381.9165
 -2174753.7393   4381754.8261   4093381.0564
 -2174756.2264   4381756.3004   4093380.7925
 -2174757.9131   4381755.8428   4093379.6465
 -2174759.2453   4381756.1030   4093378.6702
 -2174761.2433   4381756.2875   4093377.5327
 -2174763.3791   4381757.8442   4093377.9413
 -2174764.9272   4381758.1100   4093376.6253
 -2174766.3026   4381757.5980   4093375.0903
 -2174767.8737   4381758.2936   4093374.7651
 -2174770.2428   4381759.9555   4093374.7782
 -2174772.3893   4381760.8906   4093374.2806
 -2174773.9030   4381760.7952   4093373.2796
 -2174775.5900   4381761.1046   4093372.5857
 -2174777.4684   4381761.7945   4093371.7803
 -2174778.6178   4381762.1951   4093370.4868
 -2174780.6820   4381763.3280   4093370.8237
 -2174783.1028   4381763.7503   4093370.1271
 -2174784.6064   4381764.0528   4093369.2623
 -2174785.6667   4381764.2015   4093368.2590
 -2174787.9871   4381764.8004   4093367.6731
 -2174790.1963   4381766.5306   4093367.2950
 -2174791.5011   4381766.4038   4093366.4108
 -2174793.7291   4381767.4746   4093366.2625
 -2174795.2680   4381767.8012   4093365.1560
 -2174797.4695   4381768.5881   4093364.5662
 -2174798.7776   4381768.8473   4093364.1320
 -2174800.6159   4381769.7276   4093363.7504
 -2174802.4507   4381770.2032   4093362.1238
 -2174803.9365   4381770.2819   4093361.6510
 -2174805.8527   4381770.9247   4093361.1665
 -2174807.9161   4381771.9764   4093360.5417
 -2174809.1448   4381771.6786   4093359.2688
 -2174811.9229   4381773.0874   4093359.3884
 -2174813.3080   4381773.9035   4093358.3862
 -2174814.8522   4381773.4165   4093357.8058
 -2174817.0394   4381775.6183   4093358.0220
 -2174818.8533   4381775.8450   4093357.3092
 -2174820.5598   4381776.1214   4093356.4157
 -2174822.7071   4381777.0734   4093355.5892
 -2174824.5858   4381778.1583   4093355.3740
 -2174825.7136   4381778.0308   4093354.1126
 -2174827.9133   4381778.7303   4093353.9015
 -2174829.1489   4381778.2389   4093352.1361
 -2174831.7556   4381779.4752   4093352.0517
 -2174833.2247   4381780.0344   4093351.4532
 -2174834.9439   4381780.6304   4093350.4329
 -2174836.9863   4381782.1045   4093350.3426
 -2174838.6374   4381782.0006   4093349.5797
 -2174841.0048   4381782.5634   4093348.6124
 -2174841.9629   4381782.6849   4093347.5658
 -2174843.6235   4381783.6871   4093347.3264
 -2174845.5770   4381783.6756   4093346.1120
 -2174847.6560   4381784.3501   4093345.1919
 -2174849.5229   4381785.2799   4093345.2821
 -2174851.1891   4381785.3145   4093344.2377
 -2174853.1814   4381786.5442   4093343.5198
 -2174854.6193   4381786.9113   4093343.0362
 -2174855.9355   4381786.9749   4093341.6716
 -2174858.0522   4381788.1397   4093341.7547
 -2174859.4078   4381788.1172   4093340.4626
 -2174861.2838   4381788.9658   4093339.9781
 -2174863.3007   4381789.9912   4093339.4859
 -2174864.9873   4381789.8429   4093338.5020
 -2174866.9031   4381791.1825   4093338.4985
 -2174868.8015   4381791.2640   4093337.1554
 -2174870.8722   4381792.9106   4093337.3181
 -2174872.5572   4381792.7625   4093336.5625
 -2174874.3869   4381792.6015   4093334.7797
 -2174876.4477   4381794.5096   4093335.2562
 -2174877.5034   4381794.0288   4093333.9462
 -2174879.6369   4381794.5090   4093333.2423
 -2174881.2197   4381795.2599   4093332.2607
 -2174883.0263   4381795.8451   4093332.1151
 -2174884.9208   4381796.0776   4093331.4561
 -2174886.6711   4381796.9004   4093330.4569
 -2174888.6214   4381797.6040   4093329.8063
 -2174890.1160   4381798.3653   4093329.2640
 -2174891.9518   4381798.1004   4093327.8449
 -2174893.3544   4381798.7163   4093327.3735
 -2174895.7793   4381799.9753   4093327.2644
 -2174897.4604   4381800.9990   4093326.7020
 -2174899.2931   4381800.6849   4093325.3788
 -2174900.6340   4381800.7456   4093324.7566
 -2174903.2776   4381802.6230   4093325.1965
 -2174904.6977   4381802.3872   4093323.5425
 -2174906.6386   4381803.7226   4093322.8349
 -2174908.3367   4381804.3436   4093322.5040
 -2174909.4918   4381804.2409   4093321.7642
 -2174911.7136   4381804.6604   4093320.9410
 -2174913.7566   4381805.5351   4093320.3659
 -2174915.0562   4381805.9887   4093319.4208
 -2174916.9535   4381806.3003   4093318.9592
 -2174919.1404   4381807.5887   4093318.8073
 -2174921.2702   4381808.5675   4093318.4263
 -2174922.6035   4381808.8510   4093317.1339
 -2174925.4509   4381809.6628   4093317.1048
 -2174925.8710   4381809.4503   4093315.8856
 -2174927.5004   4381809.3143   4093313.8803
 -2174929.3293   4381810.2745   4093313.7535
 -2174931.4601   4381811.0798   4093312.8991
 -2174933.9449   4381811.9360   4093312.4874
 -2174934.9516   4381812.2797   4093311.8211
 -2174936.9489   4381812.6418   4093311.2840
 -2174939.0429   4381813.9004   4093311.0124
 -2174940.5274   4381814.4463   4093310.5537
 -2174942.5560   4381814.7570   4093309.6876
 -2174944.1813   4381815.3051   4093308.9058
 -2174945.7961   4381815.6430   4093307.9155
 -2174947.8459   4381816.3550   4093307.4320
 -2174949.4950   4381817.2565   4093306.5762
 -2174951.6185   4381817.7463   4093305.8456
 -2174952.9924   4381817.8703   4093305.1432
 -2174954.6572   4381818.7261   4093304.6419
 -2174956.8586   4381819.2043   4093303.7237
 -2174957.7804   4381818.5022   4093302.4720
 -2174959.9942   4381820.0596   4093302.3731
 -2174961.6801   4381820.3646   4093301.4778
 -2174963.3023   4381820.7464   4093300.7760
 -2174965.5644   4381822.0948   4093300.9348
 -2174967.8737   4381823.1726   4093300.2989
 -2174969.4802   4381823.3512   4093299.4063
 -2174971.1902   4381823.9199   4093298.8673
 -2174972.6970   4381823.8749   4093297.6938
 -2174974.5438   4381824.9793   4093296.9210
 -2174976.6059   4381825.6923   4093296.2722
 -2174978.1504   4381826.1814   4093295.7317
 -2174980.2047   4381826.9997   4093295.4590
 -2174982.0959   4381827.7833   4093294.5903
 -2174983.5249   4381827.8495   4093293.9301
 -2174984.4593   4381827.4817   4093292.4662
 -2174986.5350   4381828.0754   4093291.8024
 -2174988.3924   4381828.7357   4093291.4404
 -2174990.3532   4381829.8514   4093290.4805
 -2174992.8785   4381830.5888   4093290.0371
 -2174994.5691   4381831.2166   4093289.7919
 -2174995.8028   4381831.3628   4093288.8890
 -2174998.2027   4381831.9091   4093288.1193
 -2174999.9347   4381832.9321   4093287.8305
 -2175001.3653   4381833.7127   4093286.9399
 -2175003.2739   4381834.1752   4093285.8799
 -2175005.5670   4381834.6120   4093285.5724
 -2175007.0493   4381835.4611   4093284.8205
 -2175009.0055   4381835.9052   4093284.2600
 -2175010.9017   4381836.8760   4093283.9227
 -2175012.2441   4381836.5285   4093282.8602
 -2175013.3404   4381836.7093   4093281.4666
 -2175014.8767   4381837.4023   4093280.7349
 -2175017.6358   4381838.9179   4093280.4366
 -2175018.9584   4381839.2816   4093280.0085
 -2175021.6292   4381840.1404   4093279.8188
 -2175022.9905   4381839.9688   4093278.5018
 -2175024.3876   4381840.5578   4093277.2398
 -2175026.6402   4381840.9402   4093276.8099
 -2175028.7303   4381841.9179   4093276.7632
 -2175030.3397   4381842.1625   4093275.9879
 -2175032.0356   4381843.6287   4093275.5893
 -2175033.4077   4381843.5769   4093274.4726
 -2175035.6172   4381844.0455   4093273.8350
 -2175037.5574   4381844.8933   4093273.1124
 -2175038.5457   4381844.9284   4093272.5842
 -2175040.2913   4381846.3321   4093271.7604
 -2175042.5655   4381846.8136   4093271.1136
 -2175044.4848   4381847.1925   4093270.0851
 -2175046.0663   4381847.5276   4093269.7796
 -2175047.7122   4381847.7288   4093268.7541
 -2175049.4491   4381848.5437   4093268.0973
 -2175051.2698   4381849.2735   4093267.5042
 -2175052.7510   4381849.7690   4093266.7790
 -2175054.8886   4381850.2175   4093266.0600
 -2175057.5491   4381851.1797   4093265.8655
 -2175058.7500   4381851.0800   4093264.4725
 -2175060.5895   4381851.6978   4093263.8954
 -2175062.1388   4381853.0562   4093263.5788
 -2175064.3216   4381853.6401   4093263.4043
 -2175065.9464   4381853.9075   4093262.4552
 -2175067.5837   4381854.0754   4093261.4068
 -2175069.3954   4381854.9005   4093260.8851
 -2175070.9774   4381855.9013   4093260.3355
 -2175073.1405   4381856.3395   4093259.7209
 -2175075.3435   4381857.1039   4093259.1727
 -2175076.1380   4381857.1712   4093258.0228
 -2175078.5386   4381857.6254   4093256.9475
 -2175080.2678   4381858.1564   4093256.8791
 -2175082.2853   4381859.9092   4093256.6677
 -2175084.6258   4381860.4636   4093256.0078
 -2175086.0210   4381860.4158   4093254.8493
 -2175087.3599   4381860.7338   4093253.9579
 -2175089.0962   4381861.2067   4093253.5646
 -2175090.6184   4381862.0493   4093252.9475
 -2175092.6965   4381862.4450   4093252.1369
 -2175095.3548   4381863.0581   4093251.4763
 -2175096.8314   4381863.7130   4093251.0002
 -2175097.4136   4381863.5370   4093249.7678
 -2175099.9199   4381864.8768   4093249.5121
 -2175102.0020   4381865.7921   4093248.8192
 -2175104.0898   4381865.9077   4093248.0385
 -2175105.6325   4381866.6376   4093247.9100
 -2175107.1795   4381867.7155   4093247.1989
 -2175109.2023   4381867.9497   4093246.0704
 -2175111.0165   4381868.4112   4093245.2537
 -2175112.3225   4381869.0083   4093244.1486
 -2175113.7750   4381869.1337   4093243.9620
 -2175116.0285   4381870.3689   4093243.4292
 -2175118.3095   4381870.6925   4093242.6290
 -2175119.8450   4381871.3433   4093241.9746
 -2175121.8649   4381871.9366   4093241.3626
 -2175123.4070   4381872.5830   4093240.8778
 -2175124.7741   4381872.2189   4093239.6224
 -2175126.8497   4381873.7438   4093239.2721
 -2175128.4709   4381874.4121   4093238.5296
 -2175130.3902   4381874.3338   4093237.4156
 -2175131.7797   4381874.9816   4093236.8614
 -2175133.7512   4381875.4747   4093236.0769
 -2175135.8968   4381876.5606   4093235.8978
 -2175137.1892   4381877.4702   4093235.4456
 -2175139.3857   4381877.7616   4093234.5550
 -2175141.3458   4381877.7273   4093233.3717
 -2175143.1366   4381878.5680   4093233.1015
 -2175144.5141   4381878.9361   4093232.0691
 -2175146.4903   4381879.9937   4093231.0769
 -2175148.6610   4381880.7782   4093231.3803
 -2175150.3795   4381881.2139   4093230.4274
 -2175152.1974   4381881.6768   4093229.7240
 -2175154.4215   4381882.4319   4093228.8750
 -2175156.0513   4381882.5898   4093228.1957
 -2175157.2411   4381883.5459   4093227.5626
 -2175159.5863   4381883.7519   4093226.9148
 -2175161.3185   4381884.2502   4093226.2376
 -2175162.7421   4381884.7769   4093225.2795
 -2175164.1551   4381885.1411   4093224.8691
 -2175166.4465   4381886.0425   4093223.8799
 -2175167.6546   4381886.3730   4093223.8877
 -2175169.9884   4381887.3304   4093223.0123
 -2175171.1917   4381887.5713   4093222.3125
 -2175173.3461   4381887.9880   4093221.3081
 -2175175.0137   4381888.7328   4093221.1061
 -2175176.6559   4381889.1623   4093220.1862
 -2175178.6893   4381890.1989   4093219.7534
 -2175180.1040   4381890.6494   4093218.2547
 -2175182.5917   4381891.4575   4093218.1781
 -2175184.8255   4381891.4098   4093217.2253
 -2175185.9596   4381892.1007   4093216.4795
 -2175187.6476   4381893.3021   4093216.0463
 -2175189.5283   4381893.1805   4093214.9739
 -2175191.6870   4381894.1386   4093214.5305
 -2175192.9581   4381893.6331   4093213.3986
 -2175195.4550   4381895.8747   4093214.1390
 -2175197.0768   4381895.9821   4093212.9456
 -2175198.4530   4381896.0823   4093211.8125
 -2175200.2465   4381897.3089   4093211.7884
 -2175202.6211   4381898.0365   4093210.4912
 -2175204.3651   4381898.1001   4093210.0418
 -2175206.4750   4381899.3468   4093210.1485
 -2175207.2033   4381899.6374   4093208.9887
 -2175209.3436   4381899.9487   4093207.9743
 -2175210.4568   4381900.2914   4093206.9471
 -2175213.1166   4381901.1945   4093206.4294
 -2175214.6482   4381901.4744   4093205.6992
 -2175216.5011   4381901.8344   4093204.8903
 -2175218.2704   4381902.7987   4093204.5847
 -2175219.8988   4381903.4723   4093204.2238
 -2175222.1933   4381904.4487   4093203.4663
 -2175224.0184   4381904.9065   4093203.4174
 -2175225.6701   4381904.5770   4093202.0678
 -2175227.3822   4381905.4516   4093200.6893
 -2175228.2086   4381905.2201   4093199.5736
 -2175230.6207   4381906.7719   4093199.9062
 -2175232.0848   4381907.4105   4093199.1016
 -2175234.1232   4381907.7443   4093198.6459
 -2175236.0958   4381908.2032   4093197.3735
 -2175238.1657   4381908.8139   4093196.9918
 -2175239.8291   4381909.4818   4093196.1436
 -2175241.5357   4381910.0542   4093195.6333
 -2175243.4614   4381910.5228   4093194.8689
 -2175244.3118   4381910.5036   4093193.7116
 -2175246.3053   4381911.6022   4093193.4939
 -2175248.2988   4381911.8458   4093192.3980
 -2175251.0326   4381913.2400   4093192.3681
 -2175252.1182   4381913.3794   4093191.7202
 -2175253.6600   4381914.0096   4093190.9257
 -2175255.8394   4381914.4007   4093189.9502
 -2175257.6606   4381915.0759   4093189.1428
 -2175258.9246   4381915.6064   4093188.2456
 -2175260.9501   4381916.6516   4093188.3957
 -2175263.4091   4381916.6169   4093187.0926
 -2175264.5533   4381917.7642   4093186.6399
 -2175267.1825   4381918.8779   4093186.7069
 -2175268.5644   4381918.6025   4093185.2325
 -2175269.7781   4381918.9242   4093184.3679
 -2175271.6857   4381920.1080   4093184.5720
 -2175273.6216   4381920.3291   4093183.3401
 -2175275.5458   4381921.2889   4093182.7454
 -2175277.0434   4381921.4986   4093181.9071
 -2175278.5517   4381921.7907   4093181.4837
 -2175280.1391   4381921.9751   4093179.9128
 -2175281.9453   4381922.5886   4093179.3468
 -2175284.5365   4381923.6498   4093179.1878
 -2175286.5942   4381924.6048   4093178.8464
 -2175288.0369   4381924.8248   4093177.6089
 -2175288.9819   4381925.3494   4093177.2384
 -2175291.6507   4381926.1319   4093176.4607
 -2175293.9459   4381927.1033   4093176.1863
 -2175295.6743   4381927.9335   4093175.6727
 -2175297.2830   4381927.8079   4093174.5095
 -2175298.5712   4381927.9078   4093173.4321
 -2175300.4740   4381928.4653   4093173.0328
 -2175302.4245   4381928.7770   4093172.4164
 -2175303.8433   4381929.8810   4093171.6021
 -2175305.9484   4381930.6726   4093171.1136
 -2175307.3577   4381931.3851   4093169.9990
 -2175309.4786   4381932.2864   4093169.9899
 -2175311.4176   4381932.4066   4093169.3015
 -2175312.9560   4381932.9790   4093168.3191
 -2175314.8960   4381933.4285   4093167.7608
 -2175317.0337   4381934.2174   4093166.8993
 -2175318.1663   4381934.4631   4093166.1111
 -2175320.6473   4381935.3419   4093166.2077
 -2175322.5915   4381936.4710   4093165.6661
 -2175324.4427   4381936.2935   4093164.0476
 -2175325.3656   4381936.4801   4093163.4495
 -2175327.1009   4381937.3864   4093162.7376
 -2175328.5276   4381938.1345   4093162.2740
 -2175331.1138   4381938.8668   4093161.7202
 -2175332.7699   4381939.6526   4093160.8387
 -2175335.1774   4381940.0070   4093160.1806
 -2175336.8883   4381940.9753   4093160.1119
 -2175337.9431   4381940.9338   4093159.0413
 -2175339.5018   4381941.3505   4093158.0022
 -2175341.3334   4381942.2710   4093157.2487
 -2175343.3708   4381942.9561   4093157.2744
 -2175345.7657   4381943.1873   4093156.1172
 -2175347.6365   4381943.4905   4093155.1985
 -2175349.1353   4381943.8630   4093154.6271
 -2175350.5697   4381944.9169   4093154.3203
 -2175352.2739   4381945.6794   4093152.9348
EOF