 -2180214.8406   4394324.7395   4078355.0041
 -2180249.5080   4394334.2341   4078339.8512
 -2180284.7893   4394345.7025   4078326.6340
 -2180320.8306   4394358.0559   4078314.1452
 -2180357.1608   4394368.7647   4078298.9537
 -2180392.5664   4394378.0842   4078283.8343
 -2180428.5890   4394389.4729   4078270.7909
 -2180464.6782   4394402.5045   4078257.2586
 -2180500.0645   4394413.1402   4078243.1505
 -2180535.6516   4394425.6133   4078230.8385
 -2180572.5109   4394435.9864   4078215.8733
 -2180609.4437   4394447.3746   4078200.7074
 -2180644.3156   4394458.0728   4078186.6144
 -2180681.0492   4394470.9064   4078173.3831
 -2180717.0919   4394483.0792   4078159.9870
 -2180752.4372   4394493.6921   4078146.0958
 -2180788.2650   4394504.1355   4078131.9700
 -2180824.4020   4394514.5380   4078116.6963
 -2180859.2432   4394525.7365   4078103.7704
 -2180895.0370   4394537.3232   4078090.2435
 -2180930.8574   4394548.7656   4078077.6816
 -2180967.0278   4394561.0356   4078064.1984
 -2181002.6932   4394574.3869   4078053.1424
 -2181038.7333   4394584.4935   4078037.9025
 -2181074.6240   4394596.6967   4078024.3891
 -2181111.2330   4394608.6401   4078010.5534
 -2181146.2868   4394619.4520   4077996.8038
 -2181182.4663   4394630.9219   4077982.7443
 -2181218.7992   4394642.8602   4077969.8524
 -2181254.2059   4394654.8099   4077955.8008
 -2181289.9125   4394664.7715   4077941.1807
 -2181325.2596   4394675.4598   4077927.7011
 -2181361.7012   4394686.7701   4077913.1762
 -2181397.8986   4394697.7390   4077898.2931
 -2181433.8269   4394709.5792   4077885.6076
 -2181469.4684   4394722.3457   4077873.3186
 -2181505.6723   4394734.6835   4077860.1068
 -2181541.5487   4394746.3102   4077845.5268
 -2181577.4697   4394758.4942   4077832.2956
 -2181613.0146   4394769.0403   4077818.3162
 -2181649.3870   4394780.4715   4077804.4747
 -2181684.6964   4394792.1136   4077791.3865
 -2181719.8172   4394802.0647   4077777.5413
 -2181755.9895   4394813.1905   4077763.7445
 -2181791.4104   4394823.8337   4077749.9072
 -2181827.2026   4394834.4096   4077736.0055
 -2181862.8782   4394846.2467   4077722.5033
 -2181898.8456   4394856.5179   4077707.8362
 -2181934.4038   4394868.6122   4077694.8215
 -2181969.7760   4394879.7646   4077681.2299
 -2182005.2267   4394891.6889   4077668.3724
 -2182041.5071   4394904.5211   4077655.9680
 -2182077.7184   4394916.0185   4077642.7332
 -2182113.4391   4394926.9602   4077629.0301
 -2182148.5710   4394937.6755   4077615.0705
 -2182184.3304   4394949.3302   4077601.3594
 -2182219.9531   4394961.0475   4077587.8975
 -2182256.2228   4394971.5835   4077573.9011
 -2182291.7747   4394983.8487   4077561.1189
 -2182327.7439   4394997.1783   4077548.5067
 -2182363.0007   4395006.6255   4077534.2508
 -2182399.0973   4395016.2232   4077520.1793
 -2182434.3843   4395027.6824   4077506.0667
 -2182469.6479   4395038.1786   4077492.7025
 -2182505.4157   4395049.5504   4077478.8859
 -2182541.2598   4395062.0585   4077466.0331
 -2182577.4270   4395071.9971   4077451.4247
 -2182613.2415   4395082.1392   4077437.1906
 -2182648.6322   4395095.2439   4077423.8191
 -2182684.6390   4395106.0591   4077410.1388
 -2182720.6044   4395117.2346   4077396.3226
 -2182756.7530   4395129.7810   4077383.2665
 -2182792.7186   4395141.8810   4077369.7783
 -2182828.4840   4395152.3872   4077355.5709
 -2182864.0199   4395162.3913   4077341.3682
 -2182899.7637   4395174.5611   4077327.5431
 -2182935.8518   4395186.4576   4077314.2302
 -2182971.2364   4395196.8294   4077300.3778
 -2183007.6989   4395209.3984   4077286.9892
 -2183043.0570   4395219.9408   4077273.1077
 -2183078.2047   4395230.1223   4077259.0379
 -2183113.6841   4395240.7421   4077244.8529
 -2183150.1156   4395252.4066   4077231.5473
 -2183186.0100   4395264.7795   4077218.7707
 -2183222.1849   4395276.9834   4077205.5657
 -2183258.3082   4395289.2140   4077192.4440
 -2183294.5703   4395300.4417   4077178.5296
 -2183329.9830   4395311.1879   4077164.3427
 -2183365.7742   4395323.1663   4077151.1569
 -2183401.9069   4395335.5479   4077138.0420
 -2183437.7388   4395347.3797   4077124.8130
 -2183473.1470   4395358.5456   4077111.0991
 -2183509.0967   4395369.4934   4077096.3367
 -2183545.7530   4395382.4218   4077083.5403
 -2183581.0844   4395394.1070   4077069.9604
 -2183617.1161   4395405.8857   4077056.7038
 -2183653.3923   4395417.9201   4077043.1280
 -2183689.6684   4395430.3105   4077029.9325
 -2183725.4297   4395441.1033   4077016.0132
 -2183761.6318   4395453.5547   4077003.1655
 -2183797.4252   4395464.6123   4076988.8188
 -2183832.8719   4395476.3628   4076975.2144
 -2183868.5611   4395486.6952   4076961.2940
 -2183904.2870   4395496.9658   4076946.8835
 -2183940.4884   4395508.8808   4076933.2939
 -2183976.0390   4395521.0831   4076920.1808
 -2184011.9471   4395532.1992   4076906.6490
 -2184047.8832   4395544.3429   4076893.4800
 -2184083.1925   4395555.9432   4076879.7315
 -2184119.7762   4395567.4124   4076866.3877
 -2184155.2311   4395577.7604   4076852.1798
 -2184190.8241   4395587.6721   4076837.4415
 -2184226.3942   4395598.2490   4076823.5450
 -2184261.8121   4395610.2371   4076810.3899
 -2184297.5319   4395620.4706   4076795.7079
 -2184333.9013   4395633.6624   4076783.2207
 -2184369.6348   4395645.8175   4076769.5379
 -2184405.1602   4395657.2682   4076756.0837
 -2184440.8876   4395668.4002   4076742.5270
 -2184476.4582   4395680.5457   4076728.8066
 -2184511.9275   4395690.8695   4076715.0558
 -2184548.0002   4395701.2892   4076700.4928
 -2184583.6478   4395713.7157   4076687.6881
 -2184619.5755   4395724.4813   4076673.9232
 -2184655.6203   4395737.1683   4076660.6758
 -2184691.4781   4395748.7923   4076646.9337
 -2184726.9457   4395758.9334   4076632.7465
 -2184762.6826   4395771.2702   4076619.9500
 -2184798.4392   4395782.6747   4076606.0381
 -2184834.6932   4395794.3464   4076592.6502
 -2184870.3770   4395805.2301   4076578.6691
 -2184906.6524   4395816.6596   4076565.1612
 -2184942.6246   4395828.0581   4076551.6320
 -2184978.1046   4395839.1220   4076538.0429
 -2185013.7731   4395849.3246   4076523.6501
 -2185049.5735   4395860.5182   4076509.7796
 -2185085.7425   4395872.4644   4076496.2315
 -2185121.5569   4395883.2232   4076482.8131
 -2185157.6021   4395896.3001   4076470.0130
 -2185193.4295   4395907.4468   4076455.9635
 -2185229.4974   4395918.7269   4076442.1395
 -2185265.3936   4395930.7939   4076428.7712
 -2185301.2816   4395941.5357   4076414.8288
 -2185336.2641   4395951.9278   4076400.3817
 -2185371.4533   4395961.9418   4076385.7404
 -2185408.1287   4395974.8230   4076372.7178
 -2185443.8343   4395986.8700   4076359.1580
 -2185479.7955   4395998.3002   4076345.8405
 -2185515.5722   4396009.8750   4076332.6351
 -2185551.2816   4396021.8313   4076319.2282
 -2185586.5611   4396032.5262   4076304.8908
 -2185622.9236   4396044.3120   4076291.4113
 -2185658.7879   4396055.7306   4076277.7005
 -2185694.4296   4396066.8495   4076263.9171
 -2185730.8427   4396079.1948   4076250.9704
 -2185765.9519   4396089.9568   4076236.9294
 -2185801.6800   4396101.4398   4076223.1919
 -2185837.4183   4396112.5864   4076208.9432
 -2185873.0914   4396124.1843   4076195.8342
 -2185908.9886   4396137.1680   4076182.8568
 -2185945.1742   4396147.8227   4076168.3404
 -2185980.5121   4396159.1428   4076154.9492
 -2186016.7359   4396171.7318   4076142.2119
 -2186052.6541   4396181.0474   4076127.4270
 -2186088.1248   4396192.9880   4076113.9309
 -2186124.7941   4396204.7932   4076100.7005
 -2186160.6498   4396216.7381   4076087.0310
 -2186196.2633   4396228.7973   4076074.0509
 -2186232.1153   4396240.2598   4076060.5065
 -2186268.0770   4396251.6643   4076046.5026
 -2186303.5580   4396262.3321   4076032.5060
 -2186339.3743   4396275.2022   4076019.6416
 -2186375.8908   4396286.0844   4076005.6816
 -2186410.9089   4396297.0354   4075991.8007
 -2186447.1443   4396309.2717   4075978.4783
 -2186483.2656   4396321.0289   4075964.7837
 -2186519.0796   4396332.7398   4075951.8032
 -2186554.8807   4396344.2451   4075937.5867
 -2186590.7225   4396355.0072   4075924.1299
 -2186625.9595   4396366.2051   4075910.1129
 -2186661.7700   4396376.8640   4075895.9104
 -2186698.1079   4396387.3059   4075882.0842
 -2186733.9607   4396399.2762   4075868.3987
 -2186768.9750   4396410.2088   4075854.1904
 -2186804.9966   4396422.3878   4075841.0930
 -2186840.5209   4396434.0314   4075827.4581
 -2186876.6329   4396446.6804   4075814.0600
 -2186912.5547   4396457.2423   4075799.5839
 -2186948.8141   4396469.3878   4075786.9372
 -2186984.2018   4396480.1964   4075772.7448
 -2187019.3680   4396491.3191   4075758.7467
 -2187056.2783   4396504.0058   4075745.7104
 -2187091.5732   4396513.9440   4075731.3976
 -2187127.2716   4396524.4035   4075717.4259
 -2187163.0807   4396537.1317   4075704.2931
 -2187198.8667   4396549.1129   4075690.6816
 -2187234.9969   4396561.5430   4075677.1430
 -2187270.7915   4396572.3897   4075663.0974
 -2187306.8488   4396584.2603   4075650.1663
 -2187342.5521   4396595.4379   4075636.4678
 -2187378.3828   4396607.5694   4075623.4293
 -2187414.5172   4396618.1560   4075609.2953
 -2187450.1601   4396629.0007   4075595.3473
 -2187485.7659   4396640.9759   4075581.8876
 -2187521.4002   4396651.9556   4075567.7718
 -2187556.9179   4396664.1266   4075554.5037
 -2187592.8733   4396675.2456   4075540.5493
 -2187629.3576   4396686.8701   4075527.4022
 -2187664.8724   4396698.3546   4075513.5416
 -2187699.8061   4396707.9044   4075498.8232
 -2187735.7803   4396719.1380   4075484.7127
 -2187771.3597   4396730.1948   4075470.9629
 -2187807.5732   4396743.5955   4075458.3142
 -2187843.9267   4396755.0014   4075445.2629
 -2187879.6988   4396766.4758   4075431.1206
 -2187915.2042   4396776.7870   4075416.8505
 -2187951.1839   4396788.9574   4075403.6729
 -2187987.5694   4396800.3318   4075389.8140
 -2188022.8699   4396811.0240   4075376.1688
 -2188058.6268   4396822.2787   4075362.2263
 -2188094.2690   4396833.5216   4075348.1137
 -2188130.2102   4396845.4208   4075335.1664
 -2188166.4135   4396857.5382   4075321.8586
 -2188202.2821   4396870.1664   4075308.9304
 -2188238.4538   4396880.8623   4075294.8812
 -2188274.1517   4396891.6793   4075280.4235
 -2188309.5491   4396903.5012   4075267.1513
 -2188345.3597   4396915.3859   4075253.7007
 -2188381.6365   4396926.9326   4075239.9198
 -2188416.8359   4396936.9117   4075225.5571
 -2188452.4306   4396947.7589   4075211.8275
 -2188488.1874   4396959.4772   4075198.2213
 -2188524.3146   4396971.4133   4075184.5981
 -2188560.2639   4396984.5985   4075172.1936
 -2188595.8570   4396994.6732   4075157.6242
 -2188631.5835   4397005.2370   4075143.6965
 -2188667.8942   4397017.1358   4075130.3972
 -2188703.4521   4397028.4086   4075115.9499
 -2188739.5839   4397040.1686   4075102.7186
 -2188775.1271   4397052.6431   4075089.8488
 -2188812.1005   4397063.7609   4075075.8576
 -2188847.9936   4397075.8392   4075062.5683
 -2188882.4436   4397085.1653   4075047.5307
 -2188918.8050   4397096.6814   4075034.4605
 -2188954.4577   4397109.2244   4075021.3213
 -2188990.3878   4397122.0101   4075008.1647
 -2189026.6999   4397132.6853   4074994.1574
 -2189061.9122   4397141.9796   4074979.1176
 -2189097.6033   4397152.8759   4074964.7613
 -2189133.8209   4397165.9856   4074952.4675
 -2189169.7899   4397177.6937   4074939.0812
 -2189205.2894   4397188.5627   4074925.2808
 -2189240.6225   4397199.7449   4074911.0885
 -2189276.6573   4397211.2360   4074897.4310
 -2189312.6681   4397221.7381   4074883.4982
 -2189348.7259   4397234.6021   4074870.9750
 -2189384.2829   4397246.0925   4074856.9311
 -2189419.6738   4397256.3158   4074842.2468
 -2189455.8021   4397269.0253   4074829.4792
 -2189492.1726   4397280.8744   4074816.0336
 -2189528.0950   4397292.7345   4074802.5111
 -2189563.7942   4397303.4229   4074788.5847
 -2189598.9676   4397313.8664   4074774.6385
 -2189634.8488   4397325.1684   4074760.4915
 -2189670.3017   4397335.6310   4074746.1816
 -2189706.0843   4397347.0535   4074732.0599
 -2189742.3792   4397359.9583   4074719.4856
 -2189777.7990   4397370.9989   4074705.5096
 -2189813.9760   4397382.7275   4074692.1068
 -2189849.7339   4397394.5425   4074678.5863
 -2189885.5506   4397405.3663   4074664.5665
 -2189921.4530   4397416.5613   4074650.6587
 -2189956.7065   4397427.6467   4074636.8029
 -2189992.9359   4397440.3946   4074624.1217
 -2190027.8565   4397450.7236   4074609.6686
 -2190064.3874   4397463.9257   4074596.8330
 -2190100.2545   4397474.1561   4074582.6985
 -2190136.0975   4397486.0018   4074569.0733
 -2190171.4431   4397495.9921   4074555.1980
 -2190207.4885   4397508.3320   4074541.8713
 -2190243.5646   4397519.5062   4074527.4460
 -2190279.4900   4397531.1831   4074514.4574
 -2190315.2502   4397543.2681   4074501.3112
 -2190350.1594   4397552.6938   4074486.2358
 -2190385.7759   4397563.4533   4074471.7917
 -2190422.2814   4397576.0634   4074459.0529
 -2190458.7525   4397589.3585   4074446.1282
 -2190495.0314   4397601.4221   4074433.5327
 -2190529.6278   4397610.1949   4074417.8696
 -2190565.7706   4397621.9867   4074404.3560
 -2190601.7256   4397634.7543   4074391.3947
 -2190637.4147   4397645.5062   4074377.2221
 -2190673.2969   4397656.4476   4074363.5363
 -2190708.5077   4397667.9943   4074349.9148
 -2190744.5479   4397680.0043   4074336.3864
 -2190780.6740   4397692.2591   4074322.9327
 -2190817.2651   4397703.4299   4074309.7375
 -2190851.4660   4397712.7796   4074294.2734
 -2190887.5835   4397725.2148   4074281.4501
 -2190923.6713   4397737.5396   4074268.6393
 -2190959.8387   4397748.9241   4074254.5253
 -2190995.7167   4397760.7058   4074241.1241
 -2191031.2030   4397771.2662   4074226.7884
 -2191066.8481   4397782.6735   4074212.7588
 -2191102.1974   4397794.1512   4074199.4889
 -2191137.5251   4397804.4167   4074184.8519
 -2191173.7512   4397815.4461   4074170.6661
 -2191209.4493   4397828.1496   4074158.0117
 -2191245.5901   4397839.4812   4074144.5534
 -2191281.1522   4397850.3725   4074130.4667
 -2191317.5041   4397863.3410   4074116.9827
 -2191353.4749   4397875.6241   4074104.2567
 -2191388.9621   4397885.8474   4074090.1214
 -2191424.9765   4397897.4463   4074076.1514
 -2191460.1211   4397907.4175   4074061.3071
 -2191496.2171   4397919.5031   4074048.5627
 -2191532.0646   4397931.3783   4074035.1791
 -2191567.8077   4397943.4457   4074021.6908
 -2191604.3685   4397955.5936   4074008.4742
 -2191639.3586   4397965.8455   4073993.8059
 -2191675.0526   4397976.2749   4073980.0081
 -2191710.8489   4397989.2605   4073966.8509
 -2191746.6349   4397999.2477   4073952.2235
 -2191782.7957   4398011.8954   4073939.3020
 -2191818.5183   4398022.7911   4073925.5019
 -2191854.4248   4398035.1910   4073912.3272
 -2191889.8810   4398045.7311   4073898.0343
 -2191925.7403   4398057.6306   4073884.5309
 -2191961.6192   4398068.6710   4073870.3859
 -2191997.3551   4398080.0875   4073857.0030
 -2192032.8690   4398090.4269   4073842.6880
 -2192069.2051   4398103.1598   4073829.4675
 -2192105.7787   4398116.6914   4073817.3269
 -2192141.3356   4398127.4826   4073803.1559
 -2192176.4572   4398138.2492   4073789.2426
 -2192211.6668   4398148.5534   4073774.1511
 -2192248.0371   4398160.4185   4073761.2053
 -2192283.7092   4398172.2858   4073747.4673
 -2192320.4074   4398185.1128   4073734.9766
 -2192355.2312   4398195.0897   4073720.3823
 -2192391.2194   4398205.9607   4073705.9585
 -2192426.7955   4398216.1424   4073691.2666
 -2192462.2844   4398227.3132   4073677.3390
 -2192498.2876   4398239.8652   4073664.6416
 -2192533.9028   4398251.6613   4073651.2293
 -2192570.5719   4398264.6059   4073638.8052
 -2192606.2116   4398275.3741   4073624.5110
 -2192641.1352   4398286.5005   4073610.8642
 -2192676.9465   4398297.2423   4073596.3966
 -2192713.4349   4398309.1361   4073582.7996
 -2192749.2715   4398320.8500   4073569.5252
 -2192783.5528   4398330.8258   4073554.5384
 -2192819.5759   4398341.2517   4073540.2516
 -2192855.7253   4398353.5069   4073527.3969
 -2192892.1988   4398366.2230   4073514.3665
 -2192927.7788   4398376.9510   4073500.3121
 -2192963.4861   4398389.7621   4073487.3628
 -2193000.0629   4398401.6355   4073474.2676
 -2193036.6271   4398414.6009   4073461.5284
 -2193072.0947   4398425.6332   4073447.3800
 -2193106.9409   4398434.4621   4073431.8356
 -2193142.8853   4398446.0915   4073418.2819
 -2193179.2728   4398459.1689   4073405.8757
 -2193214.3813   4398469.3682   4073391.3101
 -2193249.7087   4398479.6675   4073376.4008
 -2193285.1310   4398490.7957   4073362.5807
 -2193321.2772   4398502.0449   4073349.0470
 -2193356.7080   4398512.7977   4073334.7688
 -2193393.1784   4398526.2788   4073322.6445
 -2193430.0270   4398538.5513   4073309.7435
 -2193465.4502   4398549.7006   4073295.6490
 -2193501.4084   4398561.8064   4073282.1230
 -2193536.8159   4398572.6577   4073268.7745
 -2193572.2510   4398582.8405   4073253.7098
 -2193607.5979   4398594.4123   4073239.9571
 -2193643.5754   4398604.9993   4073225.7576
 -2193679.8806   4398617.1132   4073212.3353
 -2193715.5692   4398629.1185   4073199.7899
 -2193751.2008   4398639.9583   4073185.1200
 -2193786.8687   4398651.5073   4073171.3194
 -2193822.7564   4398662.9908   4073157.6222
 -2193858.7639   4398674.6512   4073144.1125
 -2193894.7106   4398686.1029   4073130.7210
 -2193929.9960   4398696.7880   4073116.0296
 -2193966.3646   4398709.9460   4073103.1927
 -2194003.2231   4398723.6124   4073091.4399
 -2194038.0885   4398733.8894   4073076.9711
 -2194074.2803   4398745.0947   4073062.9410
 -2194110.0986   4398756.3094   4073049.3916
 -2194144.7426   4398766.2416   4073034.4390
 -2194180.4596   4398776.5031   4073019.9540
 -2194215.5888   4398787.2672   4073006.0572
 -2194251.7615   4398799.4455   4072992.7274
 -2194287.8963   4398812.1087   4072980.2241
 -2194324.1710   4398823.7304   4072965.9279
 -2194359.9788   4398835.2543   4072952.1348
 -2194395.5163   4398845.6709   4072937.8840
 -2194431.4004   4398857.5729   4072924.3225
 -2194467.5727   4398869.1652   4072911.2556
 -2194502.6740   4398880.0993   4072897.0544
 -2194538.4672   4398891.8774   4072883.5087
 -2194574.3112   4398903.4107   4072870.0121
 -2194609.2754   4398914.1763   4072855.4053
 -2194645.7923   4398926.8737   4072842.8103
 -2194681.5532   4398937.3906   4072828.7356
 -2194717.1238   4398948.3527   4072814.3749
 -2194753.1040   4398959.2994   4072800.2767
 -2194789.2360   4398972.2183   4072787.6167
 -2194824.6905   4398984.0103   4072774.5159
 -2194861.0748   4398995.6862   4072760.7338
 -2194896.8448   4399006.5732   4072746.5861
 -2194932.5938   4399018.5844   4072733.3710
 -2194968.4163   4399029.1328   4072719.2150
 -2195004.1493   4399041.3340   4072705.9178
 -2195039.4321   4399051.1703   4072691.0709
 -2195074.8654   4399062.1365   4072676.5246
 -2195110.4959   4399073.9682   4072663.3298
 -2195147.0725   4399086.7121   4072650.5947
 -2195183.6878   4399099.2702   4072637.7091
 -2195218.8402   4399109.5304   4072623.1319
 -2195254.9000   4399121.7465   4072610.0803
 -2195290.5652   4399132.6847   4072595.6908
 -2195326.8631   4399145.3450   4072583.1281
 -2195361.7054   4399155.6279   4072568.6376
 -2195397.3661   4399166.0392   4072554.1452
 -2195432.9833   4399177.4518   4072540.6370
 -2195469.3559   4399190.2610   4072527.4531
 -2195504.5809   4399200.2081   4072512.8740
 -2195541.5869   4399213.3024   4072500.4499
 -2195576.5643   4399223.9312   4072486.2508
 -2195613.3561   4399236.6956   4072473.4864
 -2195648.8100   4399247.0818   4072458.7129
 -2195684.2756   4399258.6652   4072444.8531
 -2195719.9490   4399269.6378   4072431.0950
 -2195755.8512   4399281.4595   4072417.5355
 -2195791.5958   4399293.1883   4072403.8949
 -2195826.6512   4399303.5008   4072389.6493
 -2195862.9958   4399315.5947   4072376.3271
 -2195898.2080   4399326.6902   4072362.4797
 -2195934.8798   4399338.8757   4072348.9007
 -2195970.2879   4399350.0057   4072335.3787
 -2196005.9718   4399361.1972   4072321.1945
 -2196041.6895   4399372.3985   4072307.5354
 -2196077.6848   4399384.0342   4072294.1201
 -2196113.7649   4399395.3065   4072280.0254
 -2196148.9620   4399406.9938   4072266.5678
 -2196184.9329   4399418.3356   4072252.5848
 -2196221.0694   4399430.3637   4072239.3372
 -2196256.7567   4399441.7406   4072226.1278
 -2196292.2138   4399453.0006   4072212.0188
 -2196328.2386   4399463.8564   4072198.1288
 -2196364.3065   4399476.3214   4072184.4656
 -2196399.1553   4399486.4505   4072169.6271
 -2196435.0464   4399498.0352   4072156.5725
 -2196471.2773   4399510.3623   4072143.5014
 -2196506.8014   4399521.4507   4072129.4040
 -2196542.5764   4399532.6305   4072115.1299
 -2196578.2170   4399543.9605   4072101.3579
 -2196614.3737   4399555.6295   4072088.1759
 -2196650.1741   4399566.6267   4072074.0554
 -2196685.7289   4399578.2251   4072060.6618
 -2196721.4605   4399589.9261   4072046.8518
 -2196757.3097   4399601.2147   4072033.4005
 -2196793.8102   4399613.9356   4072020.0832
 -2196829.1789   4399624.4937   4072005.7944
 -2196865.3092   4399635.7801   4071991.8329
 -2196900.8291   4399647.2989   4071978.4952
 -2196937.1629   4399659.3464   4071965.3856
 -2196973.1039   4399671.0152   4071951.5998
 -2197008.4099   4399682.6760   4071937.7489
 -2197043.3928   4399692.7550   4071923.1031
 -2197079.2822   4399703.8343   4071909.3308
 -2197114.9770   4399714.6751   4071895.1774
 -2197151.2184   4399727.6164   4071882.2225
 -2197187.2769   4399739.0383   4071868.7762
 -2197222.9732   4399750.6189   4071855.3168
 -2197258.5976   4399762.2359   4071841.6166
 -2197294.7933   4399774.3644   4071828.2207
 -2197330.4325   4399785.3336   4071814.1727
 -2197366.5174   4399796.6176   4071800.3467
 -2197402.3567   4399808.2985   4071786.8635
 -2197437.2364   4399818.7843   4071772.5300
 -2197473.2305   4399830.5221   4071758.6094
 -2197508.9023   4399840.9653   4071744.3017
 -2197544.1422   4399851.7039   4071730.1914
 -2197580.6448   4399864.7748   4071717.4123
 -2197616.5419   4399875.6944   4071703.4820
 -2197651.3229   4399886.7372   4071689.2931
 -2197687.9947   4399899.7749   4071677.1375
 -2197723.8231   4399910.9270   4071663.1732
 -2197760.1625   4399922.9695   4071649.6480
 -2197795.6838   4399933.9076   4071635.5174
 -2197830.9951   4399944.4540   4071620.8918
 -2197866.7318   4399955.6276   4071607.0203
 -2197902.4903   4399968.0358   4071594.2356
 -2197938.6807   4399979.4435   4071580.3329
 -2197974.4669   4399990.7931   4071566.5477
 -2198010.5513   4400002.6486   4071553.2895
 -2198045.2697   4400013.1024   4071538.6873
 -2198080.9958   4400023.7223   4071524.4162
 -2198116.5575   4400034.5239   4071510.3415
 -2198153.6888   4400048.6199   4071498.0677
 -2198189.1537   4400059.5605   4071484.2205
 -2198225.0649   4400070.8003   4071470.7212
 -2198261.0795   4400082.5364   4071456.8738
 -2198296.1768   4400093.3402   4071443.1133
 -2198332.2034   4400104.5093   4071428.5456
 -2198368.0453   4400116.7808   4071415.6424
 -2198403.6336   4400127.9072   4071401.5253
 -2198439.2459   4400139.0896   4071387.8783
 -2198475.5515   4400151.3626   4071374.7369
 -2198510.9003   4400161.9426   4071359.6361
 -2198546.5063   4400173.3609   4071346.1128
 -2198582.5428   4400184.9015   4071332.7864
 -2198618.7649   4400197.0451   4071319.5927
 -2198654.6190   4400208.7827   4071305.9631
 -2198689.3989   4400218.8755   4071291.0734
 -2198725.4302   4400230.6371   4071277.3841
 -2198761.1515   4400242.1306   4071263.9419
 -2198797.3741   4400253.9997   4071250.7054
 -2198833.1970   4400265.8093   4071236.6798
 -2198869.1100   4400277.1670   4071223.5907
 -2198904.9688   4400288.8193   4071209.5482
 -2198940.1457   4400299.5626   4071195.3176
 -2198975.9764   4400310.8195   4071181.6493
 -2199011.6956   4400322.5604   4071168.2159
 -2199048.0223   4400334.6287   4071154.8165
 -2199083.7908   4400345.5629   4071141.1011
 -2199119.3166   4400356.7645   4071126.9118
 -2199154.8566   4400368.4754   4071113.3670
 -2199190.6588   4400380.2776   4071099.8767
 -2199226.3590   4400391.2748   4071085.7769
 -2199262.3787   4400402.4453   4071071.7775
 -2199297.8825   4400413.8379   4071058.0337
 -2199333.8285   4400425.2761   4071043.7167
 -2199369.6041   4400437.2434   4071030.7133
 -2199405.4245   4400448.8923   4071017.3962
 -2199440.3676   4400458.9600   4071002.6834
 -2199476.1502   4400470.6488   4070988.6760
 -2199512.1948   4400482.4272   4070975.2858
 -2199549.3700   4400494.9974   4070962.7410
 -2199584.7904   4400506.0267   4070948.4158
 -2199620.2733   4400517.3137   4070934.8572
 -2199656.2223   4400529.5470   4070921.5699
 -2199692.4326   4400541.1270   4070908.1996
 -2199727.9268   4400552.1320   4070894.0271
 -2199763.2305   4400562.8301   4070879.3832
 -2199798.8001   4400574.1111   4070865.2932
 -2199835.2759   4400586.5526   4070852.2380
 -2199870.2036   4400597.1396   4070837.7836
 -2199906.5632   4400609.3025   4070825.2657
 -2199941.9551   4400620.2707   4070810.6675
 -2199978.2960   4400632.0011   4070797.2648
 -2200013.5172   4400643.4987   4070783.7061
 -2200049.3466   4400654.4656   4070769.5834
 -2200085.1041   4400665.6457   4070755.4090
 -2200121.3350   4400676.5134   4070741.3261
 -2200156.9497   4400688.8591   4070728.6634
 -2200192.7720   4400700.4627   4070714.6192
 -2200228.7343   4400712.4656   4070701.0136
 -2200264.7723   4400723.7785   4070687.7134
 -2200300.2365   4400734.6999   4070673.6793
 -2200335.7438   4400746.1546   4070659.5733
 -2200371.4414   4400757.6307   4070645.9333
 -2200407.5130   4400769.0579   4070632.5292
 -2200442.9887   4400780.0698   4070618.0158
 -2200478.7368   4400792.1838   4070604.8198
 -2200514.4764   4400803.1482   4070590.7497
 -2200550.3207   4400814.4956   4070576.7624
 -2200586.7264   4400826.7614   4070563.8299
 -2200622.4509   4400838.0036   4070549.4557
 -2200657.9161   4400849.0844   4070535.6442
 -2200692.8863   4400859.9866   4070521.7158
 -2200729.1479   4400872.2438   4070508.4904
 -2200765.6817   4400883.7920   4070494.8625
 -2200801.0950   4400895.0192   4070480.9613
 -2200836.5681   4400905.8748   4070466.8030
 -2200872.6193   4400917.9068   4070453.2322
 -2200908.1504   4400929.5001   4070439.9474
 -2200943.4468   4400940.9674   4070425.6471
 -2200980.1013   4400952.7124   4070412.1619
 -2201015.7397   4400964.1688   4070398.9373
 -2201051.7714   4400975.4957   4070385.2630
 -2201087.0604   4400986.4917   4070370.7467
 -2201123.2227   4400997.7138   4070356.8104
 -2201158.7184   4401009.6037   4070343.1072
 -2201194.3169   4401021.2942   4070329.8795
 -2201230.2588   4401032.1700   4070316.1618
 -2201266.1731   4401043.8729   4070302.7969
 -2201302.2867   4401055.2454   4070288.6662
 -2201337.1372   4401066.5568   4070274.5830
 -2201373.4595   4401078.5026   4070260.9974
 -2201409.1074   4401089.9057   4070247.1041
 -2201444.5731   4401100.7341   4070232.8892
 -2201480.6048   4401112.8055   4070219.4852
 -2201516.3223   4401124.1161   4070205.9743
 -2201552.0704   4401135.5014   4070192.1616
 -2201588.6732   4401147.2547   4070178.8056
 -2201623.7363   4401158.3481   4070164.4228
 -2201659.9672   4401170.4103   4070151.4914
 -2201694.7560   4401180.8165   4070136.7199
 -2201730.7619   4401192.5656   4070122.9475
 -2201767.2501   4401205.0422   4070110.3681
 -2201802.9514   4401216.2920   4070096.4931
 -2201838.3461   4401227.4223   4070082.3505
 -2201874.0098   4401238.4641   4070068.3156
 -2201910.1581   4401250.1784   4070055.2157
 -2201945.3029   4401260.8883   4070040.4515
 -2201982.2932   4401273.1975   4070026.9668
 -2202017.4888   4401284.6243   4070013.5394
 -2202053.1303   4401296.0886   4069999.3851
 -2202089.2083   4401307.4656   4069986.1442
 -2202124.4725   4401318.6903   4069971.9960
 -2202159.4517   4401329.4891   4069957.8025
 -2202196.2380   4401341.7199   4069944.6624
 -2202231.3648   4401352.8171   4069930.5064
 -2202268.3502   4401365.2018   4069917.6069
 -2202304.0354   4401376.4225   4069903.8749
 -2202339.4390   4401387.5937   4069889.8932
 -2202375.1620   4401399.4312   4069876.2032
 -2202410.9845   4401410.2217   4069861.8359
 -2202446.7241   4401422.1631   4069848.7007
 -2202482.3730   4401433.5852   4069835.2158
 -2202518.6387   4401445.0718   4069821.1803
 -2202554.4471   4401456.9779   4069807.5776
 -2202590.5010   4401468.0451   4069793.7815
 -2202625.5325   4401479.2400   4069779.7770
 -2202661.0265   4401490.7577   4069765.4870
 -2202696.8449   4401502.0051   4069751.7279
 -2202733.0292   4401513.7357   4069738.4141
 -2202768.5081   4401525.0062   4069724.5200
 -2202804.0276   4401536.0833   4069710.2799
 -2202840.9125   4401548.1168   4069697.1096
 -2202875.9573   4401558.9669   4069683.0373
 -2202911.0990   4401569.8610   4069668.4514
 -2202947.3651   4401582.0620   4069655.5867
 -2202983.6850   4401594.3112   4069642.5511
 -2203019.3813   4401605.6924   4069628.9377
 -2203055.3533   4401617.0921   4069614.8040
 -2203090.4762   4401628.1626   4069600.6270
 -2203126.3638   4401639.6207   4069586.8406
 -2203162.6817   4401651.3979   4069573.4713
 -2203198.0736   4401663.0709   4069560.2959
 -2203233.4073   4401673.5878   4069545.3468
 -2203269.5266   4401685.2431   4069531.7447
 -2203305.5786   4401696.7095   4069518.2652
 -2203341.4005   4401708.9798   4069504.9551
 -2203377.1537   4401719.3218   4069490.2547
 -2203411.9686   4401730.2968   4069476.3093
 -2203447.7061   4401742.0135   4069463.1614
 -2203484.2353   4401754.0049   4069449.8808
 -2203519.9460   4401765.9227   4069435.7306
 -2203555.6094   4401776.8405   4069421.2833
 -2203591.5058   4401788.8396   4069408.5404
 -2203627.5899   4401799.7497   4069393.7817
 -2203662.8832   4401811.0687   4069380.1075
 -2203698.3685   4401822.0561   4069365.9563
 -2203734.2313   4401834.0622   4069352.5849
 -2203770.2990   4401846.0940   4069339.2064
 -2203805.8200   4401857.1280   4069325.1072
 -2203841.8105   4401867.8948   4069310.9669
 -2203878.0784   4401880.1866   4069297.8189
 -2203913.3610   4401891.4115   4069284.1015
 -2203949.2108   4401903.2812   4069270.9685
 -2203984.4852   4401914.6495   4069256.2693
 -2204020.9373   4401925.8769   4069242.8628
 -2204056.2540   4401936.9756   4069228.7675
 -2204091.6554   4401948.3899   4069214.9357
 -2204127.6163   4401959.9485   4069201.2534
 -2204163.9249   4401972.2490   4069187.7932
 -2204199.4265   4401983.1051   4069173.3273
 -2204235.2473   4401994.1453   4069159.5885
 -2204271.6893   4402006.1604   4069146.4284
 -2204307.0471   4402017.7640   4069132.7459
 -2204342.2374   4402028.6983   4069118.6211
 -2204377.5672   4402039.4289   4069103.9204
 -2204414.0164   4402051.8396   4069091.6889
 -2204450.3020   4402063.5241   4069077.8000
 -2204486.1300   4402075.6124   4069064.2226
 -2204521.3081   4402086.4934   4069050.2073
 -2204557.2645   4402097.8767   4069036.5279
 -2204592.5047   4402108.6951   4069022.3438
 -2204629.0164   4402120.3240   4069008.5856
 -2204665.5782   4402131.7646   4068994.9860
 -2204700.7114   4402143.7645   4068981.3079
 -2204736.0495   4402155.2100   4068967.9213
 -2204772.3037   4402166.8022   4068953.7694
 -2204807.7143   4402177.8156   4068939.8815
 -2204843.9221   4402189.9595   4068927.1338
 -2204879.1520   4402200.7680   4068912.4342
 -2204914.5206   4402211.9248   4068899.0432
 -2204950.7660   4402224.0300   4068885.4251
 -2204986.7754   4402235.7482   4068871.6387
 -2205021.9226   4402246.4655   4068856.6498
 -2205058.2304   4402258.3722   4068843.4124
 -2205094.0050   4402269.5172   4068829.5051
 -2205130.1776   4402281.2230   4068815.8720
 -2205165.6007   4402292.7729   4068802.4659
 -2205200.8339   4402303.8459   4068788.0810
 -2205236.8822   4402315.7926   4068774.8266
 -2205272.7229   4402327.0425   4068761.0352
 -2205308.9157   4402339.0206   4068747.4158
 -2205344.0559   4402349.7284   4068733.3589
 -2205380.0723   4402361.6583   4068719.8498
 -2205415.9901   4402372.7844   4068705.9701
 -2205451.1723   4402384.4617   4068691.9475
 -2205486.3674   4402395.1324   4068677.7748
 -2205522.7593   4402406.2362   4068664.0999
 -2205558.2675   4402418.6078   4068650.9049
 -2205594.2520   4402429.9378   4068637.1539
 -2205630.2766   4402441.2895   4068623.1988
 -2205666.4131   4402452.9478   4068609.3116
 -2205701.6391   4402464.2187   4068595.3836
 -2205737.4446   4402475.5619   4068581.5172
 -2205772.8422   4402486.8973   4068567.6356
 -2205808.7556   4402498.7371   4068554.3881
 -2205844.6180   4402509.9843   4068540.2519
 -2205879.8578   4402521.6964   4068526.5325
 -2205916.1218   4402533.3338   4068512.7923
 -2205952.1418   4402544.5354   4068499.3584
 -2205987.4920   4402555.8942   4068485.2664
 -2206023.3269   4402567.3405   4068470.8265
 -2206059.5803   4402578.4062   4068457.2388
 -2206094.6712   4402590.1676   4068443.9038
 -2206130.9257   4402601.6408   4068430.2962
 -2206166.8421   4402613.3744   4068416.1774
 -2206202.6430   4402624.4974   4068402.3864
 -2206237.9777   4402635.9980   4068388.4346
 -2206274.1310   4402648.0820   4068375.4294
 -2206309.5757   4402658.9176   4068361.3384
 -2206345.7749   4402670.1702   4068347.1625
 -2206381.5199   4402682.2054   4068333.8931
 -2206417.2287   4402694.1827   4068320.3529
 -2206453.1378   4402705.7214   4068305.8951
 -2206488.9303   4402716.2686   4068292.5349
 -2206524.3888   4402728.2320   4068278.6019
 -2206560.4905   4402739.8641   4068265.2640
 -2206595.7181   4402750.7570   4068251.1528
 -2206631.5871   4402762.5668   4068237.2553
 -2206666.9938   4402773.1228   4068223.0354
 -2206703.0099   4402785.0241   4068209.9630
 -2206739.4220   4402796.7626   4068195.9992
 -2206774.5082   4402808.0058   4068182.0985
 -2206810.1736   4402818.8230   4068167.2837
 -2206845.9452   4402830.5917   4068153.9106
 -2206882.0413   4402842.3838   4068140.8738
 -2206917.8957   4402853.5501   4068126.4218
 -2206954.0345   4402865.9907   4068113.5313
 -2206989.6499   4402877.2076   4068100.1156
 -2207025.5635   4402888.3836   4068085.9368
 -2207060.5677   4402900.1806   4068072.0952
 -2207096.1978   4402911.2220   4068057.9529
 -2207132.3949   4402922.8646   4068044.3506
 -2207168.2116   4402933.9673   4068031.0198
 -2207204.1413   4402946.3753   4068017.3934
 -2207239.8605   4402957.5505   4068003.2774
 -2207275.2856   4402968.3098   4067988.9278
 -2207311.2442   4402979.9265   4067975.2481
 -2207346.5977   4402991.4320   4067961.4890
 -2207382.6106   4403003.2431   4067947.9851
 -2207418.4451   4403014.3435   4067934.2605
 -2207454.8433   4403025.2833   4067920.1337
 -2207489.6312   4403036.5899   4067906.1336
 -2207525.6284   4403048.6515   4067892.3351
 -2207561.3725   4403060.6918   4067878.8722
 -2207597.6892   4403072.3836   4067865.3847
 -2207632.9565   4403082.5092   4067851.1704
 -2207669.1026   4403094.3221   4067837.4311
 -2207704.5731   4403106.0943   4067823.5629
 -2207740.6311   4403117.4778   4067810.0866
 -2207776.2819   4403128.9862   4067796.2476
 -2207812.2391   4403140.6210   4067782.4960
 -2207847.6648   4403152.2980   4067768.8356
 -2207883.3471   4403163.3413   4067754.5651
 -2207919.1944   4403173.9682   4067740.2975
 -2207955.0196   4403186.3233   4067727.1292
 -2207990.3261   4403197.5638   4067713.1319
 -2208026.1901   4403208.8667   4067699.3361
 -2208062.4055   4403220.6900   4067685.9384
 -2208097.6380   4403232.0501   4067672.1777
 -2208133.8433   4403243.3715   4067658.5664
 -2208168.9603   4403254.8304   4067644.3992
 -2208204.7115   4403266.6337   4067630.9344
 -2208241.5126   4403278.3573   4067617.6115
 -2208276.7381   4403289.2550   4067603.5143
 -2208312.4082   4403300.8963   4067589.2751
 -2208347.9791   4403312.2763   4067575.8160
 -2208384.1332   4403324.2054   4067561.8690
 -2208419.6987   4403335.4506   4067548.2872
 -2208455.3877   4403347.0046   4067534.3081
 -2208491.8374   4403358.6392   4067520.8963
 -2208527.1248   4403370.2582   4067507.3025
 -2208562.7465   4403381.0938   4067493.1280
 -2208598.4799   4403392.9397   4067479.3760
 -2208634.3151   4403404.5001   4067465.7144
 -2208669.7942   4403415.7622   4067451.0808
 -2208705.8402   4403426.8771   4067437.3823
 -2208741.8407   4403438.3360   4067423.5766
 -2208777.5778   4403450.0823   4067410.2479
 -2208812.7573   4403461.2389   4067396.0074
 -2208848.7761   4403473.2004   4067382.3064
 -2208884.7915   4403484.3525   4067368.5823
 -2208920.5200   4403495.3767   4067354.9481
 -2208955.5547   4403507.1538   4067340.8725
 -2208991.0704   4403518.3653   4067327.1451
 -2209026.7776   4403529.6795   4067313.1117
 -2209063.0188   4403541.1889   4067299.2186
 -2209099.7962   4403553.5525   4067286.0506
 -2209135.4886   4403564.7661   4067272.6101
 -2209170.9302   4403576.2157   4067258.8948
 -2209206.2520   4403587.3248   4067244.4048
 -2209241.5244   4403599.0036   4067230.5614
 -2209277.9182   4403610.2775   4067216.7335
 -2209313.6886   4403622.0641   4067203.3988
 -2209349.3269   4403633.4139   4067189.6994
 -2209385.3283   4403645.1405   4067175.5684
 -2209420.9503   4403656.2538   4067161.7405
 -2209456.8079   4403667.3299   4067147.1085
 -2209492.2443   4403679.0608   4067133.7510
 -2209527.8089   4403690.8038   4067120.6930
 -2209563.7503   4403702.5105   4067106.8903
 -2209599.4662   4403714.1605   4067093.3407
 -2209635.3816   4403725.5505   4067079.3942
 -2209671.5573   4403737.2570   4067065.7925
 -2209707.2366   4403748.5839   4067052.0033
 -2209743.2688   4403759.0687   4067037.6927
 -2209778.6806   4403770.8002   4067023.9737
 -2209814.1183   4403782.5548   4067010.0692
 -2209849.9311   4403793.7874   4066996.1074
 -2209885.5315   4403805.1245   4066982.8984
 -2209921.9500   4403816.4519   4066968.7207
 -2209956.8368   4403828.2277   4066954.6243
 -2209992.5011   4403839.8780   4066941.2742
 -2210027.7848   4403850.3249   4066926.7976
 -2210064.2384   4403861.7218   4066913.2007
 -2210099.7518   4403873.5615   4066899.5189
 -2210136.4829   4403885.2933   4066885.5857
 -2210172.0909   4403897.3408   4066872.2810
 -2210207.3759   4403908.5504   4066858.7619
 -2210243.5415   4403920.0336   4066844.7499
 -2210279.4154   4403931.4910   4066830.9587
 -2210314.7429   4403942.9367   4066817.1122
 -2210350.9612   4403954.6051   4066802.8727
 -2210386.0134   4403966.1115   4066789.1203
 -2210421.8923   4403977.6559   4066775.7641
 -2210458.4061   4403989.3323   4066761.6963
 -2210493.6435   4404000.1559   4066747.1097
 -2210528.8423   4404010.6467   4066732.9988
 -2210564.3063   4404022.8757   4066719.6673
 -2210601.1678   4404034.9353   4066706.5162
EOF