 -2180214.3826   4394324.0874   4078354.7945
 -2180264.5454   4394338.2196   4078333.2907
 -2180313.6101   4394353.2443   4078313.0372
 -2180363.0927   4394368.9888   4078294.5990
 -2180413.8483   4394384.4225   4078274.7256
 -2180463.4048   4394401.3589   4078255.8748
 -2180513.0102   4394418.3183   4078238.4152
 -2180562.7157   4394434.9925   4078220.1502
 -2180613.0315   4394449.3196   4078199.5770
 -2180662.5583   4394465.9538   4078181.8818
 -2180712.3361   4394482.3698   4078163.7418
 -2180762.3208   4394498.9161   4078145.4161
 -2180812.2931   4394514.4853   4078125.7969
 -2180863.0264   4394530.9301   4078106.6047
 -2180911.6665   4394546.5795   4078087.7443
 -2180961.8234   4394561.7586   4078068.3757
 -2181011.3895   4394576.5513   4078049.4165
 -2181061.3976   4394592.3472   4078029.0371
 -2181111.9181   4394609.8032   4078010.9575
 -2181161.7564   4394625.8400   4077992.3373
 -2181210.5342   4394642.3497   4077975.0621
 -2181260.5686   4394658.0808   4077955.9275
 -2181310.5857   4394674.2339   4077936.8766
 -2181360.5553   4394689.6724   4077917.3054
 -2181410.8970   4394704.9682   4077897.6586
 -2181459.5521   4394719.4178   4077878.7338
 -2181508.7996   4394736.0314   4077860.6004
 -2181558.9479   4394752.0352   4077841.4989
 -2181609.4319   4394768.2732   4077821.9240
 -2181657.9608   4394783.5643   4077803.0867
 -2181708.8163   4394800.1218   4077784.6620
 -2181758.5163   4394814.0691   4077764.8599
 -2181808.3190   4394831.3922   4077746.9270
 -2181857.4281   4394847.3346   4077727.7460
 -2181907.0030   4394862.6612   4077709.1217
 -2181957.2410   4394878.0220   4077689.5909
 -2182007.3740   4394894.4657   4077671.6153
 -2182056.8284   4394909.6323   4077651.4275
 -2182106.4811   4394927.4816   4077633.6792
 -2182156.1514   4394941.0634   4077613.1734
 -2182205.7074   4394956.2437   4077593.7199
 -2182256.8149   4394972.1907   4077574.4603
 -2182306.4620   4394989.9436   4077555.9762
 -2182355.7575   4395007.1910   4077538.5561
 -2182405.5476   4395022.6715   4077519.7826
 -2182455.0924   4395038.1396   4077501.6129
 -2182505.3533   4395053.5340   4077482.0470
 -2182555.1875   4395070.8816   4077464.3984
 -2182604.9960   4395087.8099   4077445.6351
 -2182654.9893   4395103.3671   4077426.1172
 -2182705.3347   4395120.3143   4077407.9233
 -2182754.5212   4395136.0913   4077390.3268
 -2182804.2414   4395151.7091   4077371.1620
 -2182853.8746   4395167.8036   4077352.1927
 -2182903.4904   4395183.9287   4077333.3682
 -2182953.6201   4395200.1484   4077314.5010
 -2183003.3652   4395215.1540   4077294.8119
 -2183053.1859   4395231.0991   4077276.1145
 -2183103.0441   4395247.1718   4077257.2194
 -2183152.8675   4395262.1273   4077237.8014
 -2183202.9575   4395278.1820   4077218.5901
 -2183252.5074   4395293.8056   4077199.8417
 -2183302.0333   4395309.2961   4077180.1958
 -2183351.4883   4395323.4991   4077160.2063
 -2183401.1961   4395339.0873   4077141.2195
 -2183451.7368   4395354.6601   4077122.3153
 -2183500.6157   4395369.9473   4077102.7375
 -2183550.2145   4395385.6095   4077083.4770
 -2183600.7517   4395401.6219   4077064.9672
 -2183650.2927   4395418.3720   4077046.3563
 -2183700.0927   4395433.4503   4077026.8738
 -2183750.2276   4395450.1073   4077008.1197
 -2183800.1178   4395464.9672   4076988.4171
 -2183849.7012   4395480.4034   4076969.1245
 -2183899.7032   4395496.9165   4076950.7182
 -2183948.9399   4395512.2994   4076931.3763
 -2183999.6333   4395529.4787   4076913.2312
 -2184048.4770   4395544.2817   4076893.2327
 -2184098.5551   4395559.0963   4076873.7132
 -2184148.7114   4395575.2502   4076854.8869
 -2184197.9139   4395591.3643   4076835.5775
 -2184247.7070   4395607.2005   4076816.5394
 -2184297.6472   4395623.3734   4076797.9971
 -2184347.1677   4395637.4152   4076778.4993
 -2184397.0793   4395654.0832   4076759.8813
 -2184447.0023   4395668.9723   4076740.5506
 -2184496.5279   4395686.0581   4076722.2174
 -2184546.5781   4395702.3186   4076703.6591
 -2184596.1712   4395718.9005   4076684.4237
 -2184646.0501   4395733.8823   4076664.7680
 -2184695.8483   4395750.1665   4076646.2056
 -2184745.9489   4395766.9446   4076627.8934
 -2184795.5423   4395782.5202   4076608.8077
 -2184845.6623   4395797.8918   4076589.3962
 -2184895.6231   4395814.0297   4076570.4831
 -2184945.3394   4395830.5153   4076551.6340
 -2184995.3795   4395845.4967   4076532.3876
 -2185045.1927   4395861.9637   4076513.5468
 -2185093.8503   4395877.2328   4076494.1566
 -2185144.1224   4395892.6036   4076474.9573
 -2185194.1302   4395909.2182   4076456.4778
 -2185243.9552   4395924.2240   4076437.4121
 -2185293.7710   4395940.3635   4076418.0705
 -2185343.5556   4395956.8895   4076399.4033
 -2185393.4070   4395973.9043   4076381.0799
 -2185443.3415   4395989.0825   4076362.0028
 -2185492.8634   4396005.1277   4076343.7767
 -2185542.5043   4396020.6356   4076324.1989
 -2185592.5265   4396037.5639   4076305.7829
 -2185641.7475   4396052.9329   4076286.4746
 -2185691.1089   4396068.4245   4076267.2293
 -2185740.8121   4396084.6602   4076247.8118
 -2185791.3278   4396100.0456   4076229.0728
 -2185840.7290   4396116.3072   4076209.8521
 -2185890.3900   4396132.5420   4076191.1295
 -2185940.6637   4396148.1533   4076171.8113
 -2185990.2136   4396163.2100   4076152.4246
 -2186040.9874   4396179.2119   4076133.6346
 -2186090.2594   4396194.8193   4076114.3503
 -2186140.0138   4396210.6993   4076095.3444
 -2186189.6517   4396227.0731   4076077.0940
 -2186239.4659   4396243.1093   4076057.9514
 -2186289.2048   4396258.3307   4076038.9100
 -2186339.4589   4396274.1974   4076020.3431
 -2186389.1462   4396290.6948   4076000.6065
 -2186439.2859   4396306.4892   4075981.9198
 -2186488.6420   4396321.9945   4075962.9634
 -2186538.6825   4396338.7885   4075944.3416
 -2186587.8729   4396352.4494   4075923.6998
 -2186638.0200   4396368.4662   4075904.9653
 -2186687.9576   4396385.4442   4075886.6435
 -2186737.8729   4396401.1070   4075867.4910
 -2186787.7161   4396417.6358   4075848.8221
 -2186837.8309   4396432.9343   4075829.9089
 -2186887.2466   4396448.4717   4075810.5789
 -2186936.6547   4396464.0563   4075791.2418
 -2186986.3351   4396480.3324   4075772.6595
 -2187036.0113   4396496.6673   4075753.6825
 -2187085.8192   4396512.3828   4075734.7293
 -2187135.5834   4396528.2967   4075715.9489
 -2187185.4474   4396544.0592   4075696.7127
 -2187235.0462   4396558.8830   4075677.4595
 -2187284.6255   4396574.3993   4075658.1901
 -2187334.3178   4396589.2495   4075638.0864
 -2187384.1851   4396605.4300   4075619.4565
 -2187434.0657   4396621.9840   4075600.6141
 -2187484.3695   4396638.7393   4075582.4098
 -2187533.8031   4396655.1425   4075563.7720
 -2187583.7708   4396669.7659   4075544.0967
 -2187633.1872   4396684.7155   4075524.6246
 -2187682.6888   4396701.5402   4075505.8449
 -2187732.6531   4396716.3109   4075486.1575
 -2187782.8560   4396733.2937   4075467.6447
 -2187832.1131   4396748.5131   4075448.3040
 -2187881.7026   4396764.5444   4075429.8267
 -2187931.4063   4396779.8323   4075410.4523
 -2187980.8166   4396796.5043   4075391.5408
 -2188030.7421   4396812.6445   4075372.7190
 -2188080.7463   4396828.4534   4075353.8319
 -2188130.0688   4396844.5001   4075334.9602
 -2188180.0307   4396860.1160   4075315.5836
 -2188229.3479   4396875.4394   4075296.2565
 -2188279.2835   4396891.3222   4075276.8868
 -2188329.2048   4396907.8041   4075258.6505
 -2188378.9554   4396924.4980   4075240.1445
 -2188428.6592   4396940.3827   4075221.0000
 -2188478.9357   4396957.7190   4075202.6834
 -2188528.7615   4396972.2868   4075182.8830
 -2188577.4903   4396987.2349   4075163.4382
 -2188627.3146   4397003.0694   4075144.2607
 -2188677.2865   4397020.2810   4075125.9085
 -2188727.0048   4397035.6492   4075106.6757
 -2188777.0703   4397051.4655   4075087.3795
 -2188826.4601   4397067.1450   4075068.0450
 -2188876.1843   4397083.0877   4075049.1732
 -2188925.9264   4397099.5179   4075030.6128
 -2188975.9116   4397115.3108   4075011.5283
 -2189025.6257   4397131.2377   4074992.4526
 -2189075.3992   4397146.7895   4074973.1220
 -2189125.1564   4397162.7410   4074954.3039
 -2189174.7080   4397179.5800   4074936.2127
 -2189224.5986   4397195.3689   4074916.9505
 -2189274.3507   4397210.3784   4074897.2969
 -2189324.2151   4397226.9911   4074878.7859
 -2189373.1548   4397242.3945   4074858.9286
 -2189423.0185   4397258.3389   4074840.3602
 -2189473.1654   4397274.0850   4074821.2556
 -2189523.3478   4397291.2331   4074802.8439
 -2189572.7958   4397305.9968   4074783.2375
 -2189621.9379   4397320.1431   4074763.1735
 -2189672.0928   4397337.1031   4074744.8116
 -2189722.4815   4397353.0537   4074726.0277
 -2189771.9623   4397368.5384   4074707.2163
 -2189822.4513   4397385.5167   4074688.6759
 -2189871.6114   4397401.0348   4074669.2760
 -2189921.2414   4397416.0693   4074649.6579
 -2189970.9251   4397431.4660   4074630.8861
 -2190020.8117   4397447.9683   4074611.8601
 -2190071.5091   4397466.1101   4074594.2541
 -2190120.3062   4397482.1372   4074574.8126
 -2190170.6194   4397498.6975   4074556.5167
 -2190220.4889   4397514.1843   4074537.1169
 -2190269.8740   4397530.3259   4074517.8843
 -2190318.9791   4397544.6350   4074497.8950
 -2190369.4863   4397561.0518   4074479.5690
 -2190419.5834   4397576.6431   4074460.0971
 -2190469.1092   4397592.4902   4074441.4464
 -2190518.6090   4397609.4662   4074422.6269
 -2190568.9919   4397626.2823   4074404.2337
 -2190618.3391   4397640.9802   4074384.2938
 -2190667.9018   4397658.0038   4074366.0622
 -2190717.5799   4397671.9529   4074346.2704
 -2190767.8456   4397688.5929   4074327.2580
 -2190817.4009   4397704.2340   4074308.0862
 -2190867.5743   4397720.9626   4074289.7266
 -2190916.8390   4397736.5034   4074270.5038
 -2190967.2579   4397751.8759   4074251.3841
 -2191016.3654   4397766.6416   4074231.4045
 -2191065.9557   4397783.8904   4074213.2279
 -2191116.3360   4397800.9642   4074194.6111
 -2191166.3410   4397815.4828   4074174.8625
 -2191216.2044   4397831.7049   4074156.3823
 -2191265.9174   4397847.3108   4074137.2607
 -2191315.4501   4397863.0486   4074118.1408
 -2191365.1052   4397878.4755   4074098.6986
 -2191414.6898   4397893.9782   4074079.1523
 -2191464.9036   4397910.9075   4074060.9425
 -2191514.8518   4397925.5096   4074041.3713
 -2191564.6788   4397943.5634   4074023.5837
 -2191614.9203   4397959.3933   4074004.5024
 -2191664.3969   4397974.4705   4073984.8214
 -2191713.8347   4397989.6411   4073965.1607
 -2191763.6177   4398004.8787   4073946.1265
 -2191812.8605   4398020.6197   4073926.8747
 -2191863.0448   4398035.9225   4073907.9004
 -2191913.2859   4398053.9891   4073890.2736
 -2191962.8332   4398069.2629   4073870.5730
 -2192012.2484   4398084.4130   4073850.9607
 -2192062.3123   4398100.9666   4073832.3783
 -2192111.6297   4398115.9942   4073812.6817
 -2192161.8180   4398132.6322   4073794.3349
 -2192211.3320   4398146.9728   4073773.7985
 -2192261.3988   4398163.7792   4073755.4893
 -2192311.2093   4398181.0122   4073737.2416
 -2192361.1637   4398197.9567   4073718.9432
 -2192411.1665   4398213.6084   4073699.5155
 -2192460.2538   4398228.1310   4073679.9690
 -2192509.9296   4398242.7144   4073660.2249
 -2192560.1000   4398260.2238   4073641.8964
 -2192609.6775   4398276.6368   4073623.1893
 -2192659.8177   4398292.8304   4073604.4637
 -2192709.7687   4398308.0002   4073585.1398
 -2192759.3710   4398323.3024   4073565.4133
 -2192809.1796   4398340.2600   4073547.0596
 -2192858.8443   4398355.5979   4073527.5708
 -2192908.2320   4398371.3283   4073508.5867
 -2192957.9299   4398386.9859   4073489.4183
 -2193008.1495   4398403.1804   4073470.5049
 -2193058.6404   4398419.8956   4073452.1093
 -2193107.5571   4398434.1873   4073431.5955
 -2193157.0291   4398450.6974   4073413.3670
 -2193206.9547   4398466.8175   4073394.3596
 -2193256.2742   4398481.6944   4073374.6078
 -2193306.6867   4398497.9320   4073355.9708
 -2193356.1113   4398513.2496   4073336.5688
 -2193405.7335   4398529.2308   4073317.4285
 -2193454.9830   4398544.7449   4073298.1313
 -2193505.0186   4398560.5041   4073278.9910
 -2193554.7638   4398575.8538   4073259.6970
 -2193605.0610   4398593.9242   4073241.9846
 -2193654.4942   4398610.8536   4073223.4245
 -2193704.2867   4398625.1070   4073203.6191
 -2193753.9976   4398640.8728   4073183.9351
 -2193803.7814   4398657.1644   4073165.3565
 -2193853.2017   4398672.2989   4073145.9849
 -2193903.3624   4398689.7989   4073127.8761
 -2193952.4243   4398704.7321   4073108.3210
 -2194002.6610   4398720.5815   4073089.7335
 -2194052.6223   4398736.5541   4073070.3790
 -2194102.3616   4398752.8528   4073051.2256
 -2194151.4479   4398768.1993   4073031.8712
 -2194201.7477   4398784.4571   4073012.9670
 -2194251.4334   4398799.9893   4072993.9127
 -2194300.9015   4398815.8566   4072974.4971
 -2194350.1406   4398830.0608   4072954.0779
 -2194399.7653   4398846.0256   4072935.2678
 -2194450.4564   4398863.2477   4072917.0845
 -2194500.4742   4398880.6873   4072899.1886
 -2194550.4949   4398895.7728   4072879.9005
 -2194600.1782   4398912.3164   4072860.8573
 -2194650.4389   4398929.6112   4072842.8167
 -2194699.6929   4398943.4045   4072822.2978
 -2194748.8647   4398957.7964   4072802.2788
 -2194798.6114   4398973.8691   4072783.8238
 -2194849.5945   4398991.8464   4072765.8730
 -2194899.5309   4399007.6401   4072746.7686
 -2194948.6530   4399022.8949   4072727.2073
 -2194998.7038   4399040.2933   4072708.9720
 -2195048.1098   4399053.8598   4072688.5988
 -2195097.5779   4399070.0053   4072669.4439
 -2195147.3963   4399085.4005   4072650.4721
 -2195197.1713   4399101.1325   4072630.7945
 -2195247.0669   4399117.2992   4072612.0732
 -2195297.0086   4399133.5762   4072593.4524
 -2195346.3496   4399148.6614   4072573.8390
 -2195396.3899   4399165.1922   4072554.8205
 -2195445.3489   4399179.9523   4072535.0051
 -2195495.9791   4399196.1203   4072516.4239
 -2195546.7339   4399215.3821   4072499.4373
 -2195595.4561   4399228.6831   4072478.7173
 -2195645.1223   4399244.3321   4072459.2744
 -2195694.7262   4399259.9573   4072439.9428
 -2195744.4747   4399275.6881   4072420.9493
 -2195794.7299   4399292.9577   4072402.8557
 -2195844.4961   4399309.5048   4072384.3557
 -2195893.9749   4399324.5568   4072364.9925
 -2195943.8622   4399340.9335   4072345.9069
 -2195992.9887   4399355.3478   4072325.6100
 -2196043.3912   4399372.9087   4072307.7946
 -2196093.5264   4399390.6154   4072290.5173
 -2196143.3835   4399405.0046   4072270.1130
 -2196192.6491   4399419.8703   4072250.0678
 -2196242.0036   4399434.6324   4072230.3835
 -2196291.6880   4399451.6320   4072212.1099
 -2196340.8663   4399465.9076   4072191.7074
 -2196391.4126   4399483.8385   4072174.3115
 -2196441.5265   4399499.8271   4072155.3666
 -2196491.2193   4399515.9766   4072136.0181
 -2196541.5175   4399534.2374   4072118.4985
 -2196590.7836   4399548.2197   4072098.2386
 -2196639.3325   4399561.8316   4072077.4860
 -2196689.4272   4399578.2917   4072059.1506
 -2196739.6519   4399595.9279   4072041.3687
 -2196789.2824   4399611.4655   4072021.9059
 -2196839.3722   4399627.9547   4072003.0533
 -2196889.0311   4399642.9979   4071983.3913
 -2196938.2702   4399658.2005   4071963.8970
 -2196987.7297   4399673.4692   4071944.5983
 -2197038.1293   4399690.9013   4071925.8174
 -2197089.1620   4399708.6518   4071908.2924
 -2197138.7147   4399724.5945   4071889.1988
 -2197187.3645   4399738.8397   4071869.5285
 -2197235.8499   4399751.5947   4071847.7956
 -2197285.5878   4399767.1406   4071828.5950
 -2197336.1097   4399785.5799   4071811.3673
 -2197386.8064   4399803.1689   4071792.9805
 -2197436.2440   4399818.2965   4071773.4915
 -2197485.2470   4399833.1300   4071753.7492
 -2197535.6715   4399851.1148   4071735.9148
 -2197584.9323   4399865.5558   4071715.9655
 -2197634.7721   4399881.6481   4071696.9028
 -2197684.8013   4399898.3767   4071678.5893
 -2197733.5444   4399913.6494   4071658.7960
 -2197783.4967   4399929.1034   4071639.2652
 -2197833.1531   4399944.1300   4071619.7135
 -2197883.1139   4399961.0489   4071601.3300
 -2197933.1507   4399977.6409   4071582.8860
 -2197982.9964   4399993.5705   4071563.9506
 -2198032.1931   4400009.2886   4071544.2663
 -2198081.1077   4400023.2150   4071524.2486
 -2198131.5725   4400039.4193   4071505.2292
 -2198182.0521   4400056.7690   4071486.9362
 -2198232.1434   4400073.3781   4071468.2966
 -2198281.9427   4400090.1850   4071449.9046
 -2198331.4103   4400105.8034   4071431.1776
 -2198381.0994   4400120.8734   4071411.0401
 -2198430.3160   4400136.2896   4071391.4215
 -2198480.2589   4400153.1429   4071372.9296
 -2198530.6511   4400169.4573   4071354.1825
 -2198579.2326   4400183.4523   4071333.8224
 -2198629.1049   4400200.2027   4071315.4495
 -2198678.1942   4400214.3618   4071295.0251
 -2198728.6802   4400231.5847   4071277.1570
 -2198778.7836   4400248.1327   4071257.9215
 -2198828.4682   4400264.2212   4071239.2112
 -2198878.6824   4400280.7410   4071220.9115
 -2198927.9066   4400295.2153   4071200.5575
 -2198977.4521   4400310.8384   4071181.4634
 -2199026.6460   4400326.3760   4071161.9860
 -2199076.7065   4400342.2077   4071143.1370
 -2199126.8208   4400358.9124   4071124.7377
 -2199176.7655   4400376.4001   4071106.1724
 -2199226.3891   4400391.8977   4071086.6037
 -2199275.9243   4400407.8055   4071067.4210
 -2199325.0447   4400422.4094   4071047.4384
 -2199374.9628   4400438.3736   4071028.2742
 -2199425.1571   4400454.1271   4071009.6095
 -2199474.6855   4400469.0420   4070989.8791
 -2199524.4041   4400486.6608   4070971.5381
 -2199574.1786   4400502.7193   4070952.9152
 -2199624.0254   4400518.2074   4070933.5848
 -2199673.5773   4400533.8784   4070914.1215
 -2199723.4814   4400549.7659   4070895.3680
 -2199772.9405   4400565.4728   4070876.1711
 -2199823.3875   4400582.6206   4070857.7076
 -2199872.7657   4400597.1520   4070837.3494
 -2199922.0526   4400613.0153   4070818.1891
 -2199971.3344   4400629.0263   4070799.1608
 -2200021.3545   4400644.5173   4070779.9561
 -2200071.1369   4400661.3128   4070761.3974
 -2200121.0320   4400676.2961   4070741.6857
 -2200170.8101   4400692.5332   4070722.9265
 -2200220.4822   4400707.3566   4070703.0564
 -2200270.7868   4400724.6037   4070685.1936
 -2200320.4243   4400741.1584   4070666.6835
 -2200369.8229   4400757.4632   4070647.4582
 -2200420.5640   4400774.5562   4070628.8467
 -2200469.4331   4400788.5916   4070608.1079
 -2200518.8438   4400804.1832   4070588.9909
 -2200569.1396   4400821.0004   4070570.6537
 -2200618.5747   4400836.1019   4070551.2981
 -2200667.5871   4400851.6203   4070531.4828
 -2200717.5321   4400867.3513   4070512.4689
 -2200768.5165   4400884.7120   4070494.3071
 -2200817.9049   4400900.5565   4070475.3520
 -2200867.6971   4400916.2701   4070456.2355
 -2200917.2958   4400931.9551   4070436.9640
 -2200967.0970   4400949.0935   4070418.7256
 -2201016.4841   4400964.3799   4070399.0705
 -2201066.0904   4400979.5183   4070379.2501
 -2201115.8214   4400994.9314   4070359.6223
 -2201165.5269   4401011.7615   4070340.9445
 -2201214.6603   4401026.6065   4070321.1118
 -2201263.9133   4401041.0627   4070301.6644
 -2201314.4967   4401058.1908   4070283.1795
 -2201363.8724   4401074.6546   4070264.2981
 -2201414.6287   4401091.2343   4070245.7555
 -2201464.3440   4401107.8129   4070226.6826
 -2201514.1625   4401123.8679   4070207.9205
 -2201563.0522   4401138.7555   4070187.8484
 -2201613.2552   4401154.6763   4070168.9658
 -2201663.0174   4401170.4187   4070149.8978
 -2201712.3800   4401186.1210   4070130.6894
 -2201761.9959   4401201.5569   4070111.1518
 -2201810.8210   4401216.3163   4070091.2353
 -2201860.9857   4401232.9843   4070072.5962
 -2201911.0127   4401249.2870   4070053.7592
 -2201961.6520   4401267.5465   4070036.0193
 -2202011.2637   4401282.0959   4070015.9470
 -2202061.3502   4401298.8792   4069997.8365
 -2202109.7101   4401312.6704   4069977.1575
 -2202159.9627   4401329.9633   4069958.7592
 -2202210.0909   4401345.4056   4069939.2433
 -2202259.9505   4401362.4660   4069920.6814
 -2202309.9640   4401378.4737   4069901.5712
 -2202359.3008   4401394.6486   4069882.6436
 -2202409.1545   4401410.0727   4069863.6049
 -2202458.4740   4401425.4663   4069844.0734
 -2202508.3594   4401440.9425   4069824.5945
 -2202557.8427   4401456.3030   4069805.3015
 -2202607.3437   4401472.3789   4069785.9059
 -2202656.4672   4401487.5675   4069766.2558
 -2202706.7689   4401504.0900   4069747.8677
 -2202756.4836   4401521.0076   4069729.0345
 -2202806.4669   4401537.5685   4069710.3831
 -2202856.6977   4401552.8787   4069690.9033
 -2202906.6510   4401568.7707   4069672.0166
 -2202955.8596   4401584.7975   4069652.9149
 -2203004.8419   4401599.6435   4069633.0517
 -2203054.6171   4401615.9902   4069613.9887
 -2203104.7135   4401632.3094   4069595.3155
 -2203154.7040   4401648.5985   4069576.5954
 -2203204.4208   4401663.8860   4069557.2569
 -2203254.5635   4401680.7677   4069538.4589
 -2203303.6347   4401695.9375   4069518.5072
 -2203353.2546   4401711.8515   4069499.5847
 -2203402.8389   4401726.8974   4069479.7046
 -2203452.7557   4401743.7634   4069461.1466
 -2203503.1145   4401760.5585   4069442.9874
 -2203552.2914   4401775.7061   4069423.3398
 -2203602.1886   4401791.4659   4069403.9888
 -2203652.5252   4401808.1997   4069385.5404
 -2203701.3593   4401822.7614   4069365.2370
 -2203750.8364   4401838.8207   4069346.4763
 -2203801.4257   4401855.8052   4069328.1562
 -2203851.0553   4401871.2520   4069308.5151
 -2203900.8230   4401887.2863   4069289.0716
 -2203950.7955   4401903.5329   4069270.5228
 -2204000.0769   4401919.6370   4069251.3268
 -2204049.7379   4401935.5055   4069232.5827
 -2204099.3788   4401950.8834   4069212.9710
 -2204148.9616   4401966.4101   4069192.9976
 -2204198.8882   4401982.5864   4069173.8149
 -2204248.0570   4401997.2468   4069154.4421
 -2204297.8304   4402014.0047   4069135.6637
 -2204347.6383   4402030.1555   4069116.6463
 -2204397.4269   4402046.5457   4069097.5856
 -2204447.3600   4402062.8095   4069078.9285
 -2204497.3326   4402078.2890   4069059.5924
 -2204546.8630   4402093.9137   4069039.9692
 -2204595.8922   4402109.7347   4069021.1882
 -2204645.5797   4402125.0586   4069001.4757
 -2204696.3657   4402142.3715   4068983.4848
 -2204745.6828   4402157.4552   4068963.6069
 -2204795.1755   4402173.7899   4068944.6458
 -2204845.0746   4402189.1191   4068924.8721
 -2204895.0175   4402206.5938   4068907.2751
 -2204944.1347   4402221.8978   4068887.5517
 -2204994.3632   4402238.4590   4068868.8858
 -2205043.6700   4402252.5337   4068848.7683
 -2205093.4443   4402268.7262   4068829.5332
 -2205143.2107   4402285.4917   4068810.8902
 -2205192.9463   4402301.2799   4068791.6585
 -2205242.2012   4402316.3797   4068771.6784
 -2205291.6034   4402332.4205   4068752.8990
 -2205341.2612   4402347.9048   4068733.0232
 -2205391.5127   4402364.3269   4068714.3258
 -2205441.2996   4402380.3571   4068695.4339
 -2205491.2428   4402397.2804   4068676.9789
 -2205540.7580   4402412.9775   4068658.0980
 -2205590.7946   4402428.5330   4068638.3871
 -2205640.1736   4402444.2571   4068619.0726
 -2205689.5311   4402459.9340   4068599.7256
 -2205739.4180   4402475.7312   4068580.4841
 -2205790.0066   4402492.6094   4068562.0100
 -2205839.8567   4402508.8275   4068543.6326
 -2205889.8570   4402524.9529   4068524.0113
 -2205939.0916   4402540.3616   4068504.6828
 -2205988.5921   4402556.7368   4068485.9009
 -2206038.0759   4402571.7294   4068465.9195
 -2206087.8969   4402587.9738   4068447.0142
 -2206137.4173   4402603.7903   4068427.7930
 -2206187.1358   4402619.7959   4068408.5053
 -2206236.9994   4402635.4869   4068389.2821
 -2206286.8755   4402652.0979   4068370.8069
 -2206336.8774   4402668.2779   4068351.7835
 -2206386.0623   4402683.6579   4068332.4178
 -2206435.1581   4402699.1275   4068312.6597
 -2206485.2124   4402715.4712   4068293.9340
 -2206535.6877   4402731.7082   4068274.7485
 -2206584.8270   4402746.8278   4068254.7905
 -2206634.5388   4402763.0981   4068235.8772
 -2206684.3758   4402779.5329   4068217.7651
 -2206734.0130   4402795.0224   4068198.0866
 -2206783.7771   4402811.0990   4068179.0055
 -2206833.3314   4402826.9681   4068159.6219
 -2206882.4310   4402842.1166   4068139.6741
 -2206932.1859   4402857.7103   4068120.2257
 -2206982.3700   4402873.6461   4068101.0449
 -2207031.7978   4402890.1272   4068082.4525
 -2207082.2030   4402907.4687   4068064.9170
 -2207131.9061   4402922.8316   4068045.1676
 -2207181.3891   4402938.5386   4068025.8394
 -2207230.7474   4402954.6484   4068006.4932
 -2207280.7912   4402970.6369   4067987.4518
 -2207330.4958   4402986.1228   4067968.1641
 -2207379.4623   4403001.4578   4067948.2481
 -2207429.9840   4403018.6175   4067929.8156
 -2207479.2531   4403033.7547   4067910.2652
 -2207528.7942   4403049.2646   4067890.3899
 -2207578.5847   4403065.5245   4067871.8945
 -2207628.4256   4403082.6535   4067853.9849
 -2207677.9383   4403097.4960   4067833.9683
 -2207727.4883   4403113.5418   4067814.4452
 -2207777.6275   4403129.7591   4067795.4349
 -2207827.5606   4403145.1461   4067776.1760
 -2207877.4403   4403161.6241   4067757.6690
 -2207926.9218   4403177.0641   4067738.2306
 -2207977.2688   4403194.2676   4067719.5682
 -2208026.9991   4403209.5136   4067700.0372
 -2208075.8664   4403224.4745   4067679.6424
 -2208125.0438   4403240.8030   4067660.9751
 -2208175.2182   4403257.2738   4067642.4209
 -2208225.0851   4403273.3629   4067623.3006
 -2208275.3126   4403289.3635   4067604.7486
 -2208324.7956   4403305.1266   4067584.8267
 -2208374.1775   4403320.8323   4067565.5549
 -2208423.6248   4403336.1622   4067545.9389
 -2208473.0907   4403352.4221   4067527.1493
 -2208523.3772   4403368.7775   4067508.2506
 -2208573.5038   4403384.9663   4067489.4104
 -2208623.0687   4403400.4519   4067470.0023
 -2208672.6685   4403416.5285   4067450.8517
 -2208722.4919   4403432.3517   4067431.5821
 -2208771.6956   4403448.1145   4067412.4934
 -2208821.0360   4403463.4324   4067392.5860
 -2208871.0379   4403479.9087   4067373.5133
 -2208920.8064   4403496.0286   4067354.7257
 -2208970.4899   4403511.3257   4067335.3784
 -2209020.2625   4403527.9825   4067316.8308
 -2209070.5807   4403544.1774   4067297.5907
 -2209120.1457   4403560.0030   4067278.2432
 -2209169.5827   4403576.3047   4067259.0990
 -2209219.2890   4403592.0643   4067239.6816
 -2209269.3081   4403608.2965   4067221.0850
 -2209317.9732   4403623.2146   4067201.2606
 -2209367.6504   4403639.2527   4067182.2103
 -2209417.3321   4403655.0874   4067162.8519
 -2209467.3928   4403671.5370   4067144.0337
 -2209517.2442   4403687.4916   4067124.5161
 -2209567.0621   4403702.6094   4067104.8288
 -2209616.6887   4403719.1584   4067086.2494
 -2209666.1839   4403735.4644   4067067.6618
 -2209716.6662   4403751.3818   4067048.3722
 -2209765.7831   4403766.8335   4067028.5193
 -2209815.8570   4403783.4277   4067010.0939
 -2209864.6773   4403798.9740   4066990.3777
 -2209915.1476   4403815.1292   4066971.7883
 -2209965.0836   4403830.8065   4066951.8664
 -2210014.0261   4403846.4912   4066932.8932
 -2210063.4230   4403861.7653   4066913.3273
 -2210113.7569   4403879.0279   4066894.5456
 -2210163.6807   4403894.2698   4066875.2452
 -2210212.5509   4403909.9972   4066855.7742
 -2210261.7981   4403925.5535   4066836.4438
 -2210312.4029   4403942.1229   4066817.1159
 -2210362.5379   4403958.0077   4066798.4298
 -2210411.8215   4403974.0003   4066779.9601
 -2210461.3382   4403990.0519   4066760.2665
 -2210510.8391   4404005.9679   4066740.5406
 -2210561.0959   4404022.3322   4066721.5959
 -2210610.7443   4404038.4124   4066703.1810
 -2210660.0022   4404054.4020   4066683.8892
 -2210710.2610   4404069.9924   4066664.3071
 -2210760.2792   4404086.3428   4066645.3951
 -2210809.1079   4404101.2745   4066625.2310
 -2210859.4742   4404117.7463   4066607.5526
 -2210908.8978   4404133.5323   4066587.4726
 -2210958.3701   4404149.5103   4066568.1688
 -2211008.1780   4404165.1876   4066548.8636
 -2211058.3057   4404181.6734   4066530.0022
 -2211107.6075   4404197.2936   4066511.0148
 -2211157.2337   4404213.3837   4066491.3662
 -2211206.7494   4404228.8752   4066472.3186
 -2211256.7029   4404245.1272   4066453.0399
 -2211306.6142   4404261.9531   4066434.2740
 -2211356.1092   4404277.7177   4066415.5035
 -2211405.6656   4404292.7816   4066395.8389
 -2211455.9030   4404309.5806   4066376.3828
 -2211505.5899   4404325.5057   4066357.3856
 -2211554.7652   4404341.2148   4066338.3077
 -2211604.4556   4404356.6637   4066318.9196
 -2211654.2713   4404372.5319   4066299.2321
 -2211703.6836   4404388.3804   4066280.2159
 -2211753.1699   4404403.8637   4066260.5624
 -2211803.2463   4404420.5084   4066241.6466
 -2211852.7847   4404436.5018   4066222.7130
 -2211902.2620   4404452.5870   4066203.9346
 -2211951.9160   4404468.5178   4066184.1340
 -2212001.4171   4404484.3348   4066164.7785
 -2212051.6478   4404500.2365   4066145.6355
 -2212101.2211   4404516.1352   4066127.0046
 -2212150.6571   4404531.9454   4066107.6339
 -2212200.4468   4404547.5472   4066087.8488
 -2212250.2272   4404564.6295   4066069.3741
 -2212300.2806   4404580.4724   4066050.5027
 -2212349.9206   4404596.2787   4066030.8769
 -2212399.9512   4404612.6743   4066012.2312
 -2212449.4611   4404628.5401   4065993.0027
 -2212498.6304   4404643.6322   4065973.4150
 -2212548.6687   4404660.1579   4065954.4554
 -2212597.6905   4404675.5365   4065934.8154
 -2212647.0704   4404691.4090   4065915.7197
 -2212697.7113   4404707.4176   4065896.7624
 -2212747.5591   4404724.2054   4065877.6426
 -2212797.3730   4404740.3412   4065858.5786
 -2212847.0505   4404755.9623   4065838.8726
 -2212895.9097   4404771.0726   4065819.5040
 -2212945.2450   4404786.5136   4065800.0303
 -2212995.1692   4404802.7504   4065780.8127
 -2213046.2716   4404819.7584   4065762.7756
 -2213095.6292   4404835.7857   4065743.4840
 -2213144.7552   4404851.2534   4065724.0776
 -2213194.2208   4404866.8080   4065704.3868
 -2213244.0624   4404882.7061   4065684.8320
 -2213293.5738   4404899.1878   4065666.0340
 -2213342.8436   4404914.5590   4065646.1066
 -2213392.4337   4404930.7670   4065627.6343
 -2213442.9731   4404947.2938   4065608.1963
 -2213493.2428   4404963.2969   4065589.7311
 -2213542.8901   4404979.2866   4065570.6122
 -2213591.8676   4404994.3321   4065550.3054
 -2213641.4571   4405010.4350   4065531.4236
 -2213691.8392   4405026.9044   4065512.6509
 -2213740.5925   4405041.9909   4065492.5816
 -2213790.3161   4405058.2746   4065473.8447
 -2213840.1812   4405074.5611   4065454.7245
 -2213889.8069   4405090.3422   4065435.4043
 -2213939.7190   4405106.2357   4065416.2042
 -2213989.4511   4405122.6748   4065397.2567
 -2214038.4451   4405138.1797   4065377.4427
 -2214088.6385   4405154.4323   4065359.5713
 -2214138.7631   4405170.4891   4065340.0916
 -2214187.6462   4405185.8005   4065320.4077
 -2214238.0774   4405202.1570   4065301.0033
 -2214287.5099   4405217.6091   4065281.5125
 -2214336.6871   4405233.3672   4065262.0455
 -2214386.3395   4405249.9268   4065243.1213
 -2214436.5212   4405265.9091   4065223.7925
 -2214486.2599   4405281.9645   4065205.1895
 -2214536.1156   4405298.2331   4065186.0923
 -2214586.2369   4405314.0750   4065166.8104
 -2214635.6442   4405330.0756   4065147.3317
 -2214684.6012   4405345.8644   4065128.0852
 -2214734.6457   4405361.5243   4065108.7040
 -2214783.8675   4405376.9435   4065089.2822
 -2214833.8498   4405393.4358   4065070.6235
 -2214883.4826   4405409.1492   4065050.7416
 -2214933.1748   4405425.3917   4065031.8517
 -2214982.8691   4405441.7685   4065013.0744
 -2215032.4612   4405457.1702   4064993.6097
 -2215082.9385   4405473.6202   4064974.3718
 -2215132.0908   4405489.2091   4064955.1312
 -2215181.5344   4405505.0589   4064936.4518
 -2215231.3905   4405520.8542   4064916.4861
 -2215281.2401   4405536.7543   4064897.2084
 -2215330.4370   4405552.8895   4064878.3694
 -2215380.9060   4405569.3114   4064859.4931
 -2215430.1340   4405584.9723   4064840.1626
 -2215479.6302   4405600.2908   4064820.3928
 -2215530.0499   4405617.2338   4064801.3349
 -2215579.2326   4405632.3430   4064781.7860
 -2215629.3601   4405648.7377   4064762.7140
 -2215678.6603   4405664.5828   4064743.6171
 -2215727.8475   4405680.1838   4064723.9024
 -2215777.7348   4405696.4847   4064705.1615
 -2215826.8483   4405712.3651   4064685.5537
 -2215876.7188   4405728.0371   4064666.2322
 -2215926.5351   4405744.0466   4064646.8955
 -2215976.5071   4405760.6430   4064628.5758
 -2216026.0378   4405776.4317   4064609.8356
 -2216076.1479   4405792.5786   4064590.2205
 -2216125.7303   4405808.6039   4064570.6522
 -2216175.1441   4405824.3013   4064551.8226
 -2216225.0184   4405840.6678   4064532.4825
 -2216274.6056   4405856.4690   4064513.4103
 -2216323.8688   4405871.6520   4064493.1273
 -2216373.8608   4405887.9437   4064474.5341
 -2216423.6158   4405904.3562   4064455.8807
 -2216473.4224   4405919.6578   4064435.9908
 -2216522.7806   4405935.6025   4064416.5215
 -2216573.2992   4405951.9969   4064397.7252
 -2216622.4381   4405967.5738   4064378.3778
 -2216672.1954   4405983.6914   4064359.1885
 -2216721.9237   4405999.9276   4064340.4416
 -2216771.6469   4406015.9901   4064320.9776
 -2216821.4585   4406032.2052   4064301.9915
 -2216870.8861   4406047.8115   4064282.0897
 -2216920.4592   4406063.4370   4064263.0770
 -2216969.5281   4406079.3696   4064243.8973
 -2217019.2722   4406095.4182   4064224.6673
 -2217068.9226   4406110.1839   4064204.6530
 -2217119.2269   4406127.4842   4064186.0344
 -2217168.9624   4406143.6009   4064167.1226
 -2217218.5246   4406159.6088   4064147.6899
 -2217267.4945   4406174.9152   4064127.9685
 -2217317.2229   4406190.6485   4064108.7655
 -2217367.4281   4406206.9402   4064089.8145
 -2217416.4214   4406223.0691   4064070.3491
 -2217466.6558   4406238.9656   4064051.4775
 -2217516.4780   4406254.8036   4064031.9517
 -2217566.0346   4406270.5963   4064012.5811
 -2217615.6246   4406286.6140   4063993.4679
 -2217665.4971   4406302.9065   4063974.8120
 -2217714.2894   4406318.6774   4063955.5198
 -2217764.3497   4406334.8713   4063936.3255
 -2217814.2676   4406350.1888   4063916.3943
 -2217864.0617   4406366.4353   4063897.2594
 -2217913.8931   4406382.6040   4063878.2328
 -2217964.0924   4406398.6082   4063859.2150
 -2218013.4888   4406415.0387   4063839.8656
 -2218063.2430   4406430.7297   4063820.7201
 -2218112.3481   4406446.0894   4063801.6120
 -2218161.7653   4406461.9397   4063781.8586
 -2218211.8540   4406478.2805   4063763.1389
 -2218261.3646   4406494.6843   4063743.9965
 -2218310.7103   4406510.2971   4063723.8764
 -2218360.8047   4406525.8537   4063704.8090
 -2218410.9781   4406541.8772   4063685.8147
 -2218459.8330   4406558.1879   4063666.3110
 -2218509.2025   4406573.3087   4063646.9639
 -2218558.6994   4406589.3651   4063627.8834
 -2218608.9944   4406606.1542   4063609.0445
 -2218658.6109   4406621.6544   4063589.2174
 -2218708.2127   4406637.0476   4063569.5365
 -2218758.2357   4406653.9896   4063551.0514
 -2218807.3997   4406669.6354   4063531.3824
 -2218857.0335   4406685.8608   4063512.7335
 -2218907.0313   4406701.4415   4063493.7886
 -2218956.5268   4406717.3698   4063473.9621
 -2219005.8882   4406733.3470   4063454.6101
 -2219056.0984   4406749.6980   4063435.4978
 -2219106.1929   4406765.7134   4063416.2647
 -2219155.7622   4406781.3512   4063397.0152
 -2219205.5585   4406797.8007   4063378.2544
 -2219254.7118   4406813.5508   4063358.6916
 -2219303.5714   4406829.3103   4063339.3212
 -2219353.8430   4406845.3699   4063319.8288
 -2219404.2594   4406861.5016   4063300.4687
 -2219453.2934   4406877.1858   4063280.8803
 -2219502.4770   4406893.0077   4063261.8988
 -2219552.0644   4406908.9440   4063242.8712
 -2219602.1801   4406925.2887   4063224.0865
 -2219651.5257   4406940.8165   4063204.5985
 -2219701.8646   4406957.2837   4063185.6986
 -2219751.5399   4406973.6450   4063166.6042
 -2219801.6627   4406989.4555   4063147.0040
 -2219850.6051   4407004.9873   4063127.5503
 -2219900.2706   4407020.3417   4063108.0669
 -2219949.3011   4407036.6339   4063089.1864
 -2219999.3712   4407053.2306   4063069.9882
 -2220050.1149   4407069.1885   4063050.7007
 -2220099.2320   4407084.8536   4063031.2979
 -2220148.2432   4407101.0505   4063012.1969
 -2220198.2519   4407117.3590   4062993.0429
 -2220248.2608   4407132.9700   4062973.4685
 -2220297.4435   4407148.1631   4062953.9030
 -2220346.9377   4407164.6110   4062934.9782
 -2220396.8749   4407180.0776   4062915.1992
 -2220446.4152   4407196.2414   4062896.0471
 -2220496.4119   4407211.6767   4062876.6415
 -2220545.9950   4407228.6452   4062858.1354
 -2220595.3797   4407244.2068   4062838.9287
 -2220645.3747   4407260.4185   4062819.2694
 -2220695.3636   4407276.5311   4062800.4774
 -2220745.0609   4407292.5646   4062781.2984
 -2220794.5258   4407308.3471   4062761.8530
 -2220843.2069   4407324.0170   4062742.2941
 -2220892.9746   4407340.3897   4062723.2966
 -2220943.2128   4407356.2739   4062703.9259
 -2220992.4392   4407371.7803   4062684.1207
 -2221042.5019   4407388.2238   4062665.2316
 -2221092.3425   4407404.1845   4062646.3670
 -2221141.6963   4407420.2785   4062627.0682
 -2221191.1640   4407435.8962   4062607.5134
 -2221240.9860   4407451.7780   4062588.2675
 -2221291.1199   4407467.6516   4062568.9064
 -2221340.1573   4407483.6490   4062549.1370
 -2221390.3745   4407499.9528   4062530.2458
 -2221439.5675   4407515.8219   4062511.0143
 -2221489.4553   4407532.0374   4062492.3036
 -2221538.4803   4407547.7208   4062472.6241
 -2221588.8480   4407563.9721   4062453.3218
 -2221638.3089   4407579.9458   4062434.3118
 -2221687.9292   4407596.3149   4062415.3136
 -2221737.2430   4407611.6239   4062395.7561
 -2221787.0598   4407627.7238   4062376.1907
 -2221836.8117   4407643.6494   4062356.8095
 -2221886.7807   4407659.2805   4062337.5534
 -2221935.9309   4407674.9159   4062318.0486
 -2221985.2293   4407691.3417   4062298.8117
 -2222035.5499   4407707.6101   4062279.8483
 -2222085.1378   4407723.4942   4062260.8073
 -2222134.5606   4407739.1240   4062241.2476
 -2222184.3286   4407755.0066   4062221.8344
 -2222233.7739   4407770.6611   4062202.2011
 -2222284.1793   4407787.1964   4062183.4556
 -2222333.8735   4407803.2001   4062164.0166
 -2222382.9583   4407819.2132   4062144.8787
 -2222432.6261   4407834.9333   4062125.4482
EOF