 -2173831.5754   4381459.9831   4093731.4070
 -2173921.7726   4381488.2324   4093697.5776
 -2174010.6888   4381515.0241   4093662.0233
 -2174100.4204   4381545.7666   4093628.9686
 -2174190.9310   4381575.7609   4093595.4642
 -2174280.4582   4381604.1583   4093561.8110
 -2174370.2094   4381632.2900   4093527.8731
 -2174459.3219   4381661.6447   4093494.4008
 -2174548.5125   4381688.3664   4093458.4208
 -2174636.7884   4381718.4290   4093428.0289
 -2174726.8417   4381746.9699   4093393.6164
 -2174815.8294   4381774.6383   4093360.0794
 -2174905.3394   4381803.2281   4093325.5053
 -2174995.0478   4381831.8606   4093291.0214
 -2175085.1160   4381862.3975   4093258.6167
 -2175174.5450   4381890.6107   4093223.8669
 -2175263.6853   4381918.0920   4093189.9465
 -2175352.6536   4381948.5357   4093157.5330
 -2175442.4812   4381975.9833   4093122.8485
 -2175531.8692   4382005.0401   4093089.6288
 -2175621.9082   4382033.6114   4093055.8377
 -2175711.3864   4382061.3032   4093020.0494
 -2175800.4935   4382091.3923   4092987.3656
 -2175889.7271   4382119.6342   4092952.7170
 -2175980.2534   4382147.3593   4092917.0617
 -2176070.4459   4382178.0533   4092884.0734
 -2176159.6268   4382204.3441   4092848.6557
 -2176249.2986   4382233.9512   4092815.1433
 -2176339.1671   4382264.3790   4092782.8190
 -2176428.6299   4382293.3286   4092749.2984
 -2176518.6538   4382321.6418   4092714.5789
 -2176608.1640   4382348.7576   4092678.8486
 -2176697.6428   4382379.0145   4092645.5439
 -2176787.2317   4382406.5224   4092611.1752
 -2176876.8010   4382436.5666   4092578.6104
 -2176965.5611   4382463.9323   4092544.5027
 -2177055.6382   4382493.1800   4092510.5061
 -2177145.2012   4382521.8318   4092476.2626
 -2177234.7421   4382550.6532   4092442.3439
 -2177324.2081   4382577.6675   4092406.8624
 -2177413.0248   4382605.2983   4092371.5956
 -2177502.0176   4382634.2068   4092337.9522
 -2177590.7770   4382661.4555   4092303.2273
 -2177680.4134   4382689.7460   4092269.2929
 -2177770.7309   4382717.0962   4092234.2311
 -2177859.9385   4382746.4824   4092200.3291
 -2177949.6996   4382775.0228   4092166.3340
 -2178038.7878   4382802.2818   4092131.7273
 -2178128.0616   4382830.5408   4092096.8613
 -2178217.3067   4382859.1653   4092062.4162
 -2178306.6247   4382887.1065   4092028.4171
 -2178396.6946   4382915.4137   4091993.6818
 -2178486.3557   4382944.7600   4091959.9121
 -2178575.5194   4382973.5664   4091925.5318
 -2178665.2102   4383001.3056   4091891.1270
 -2178754.8258   4383030.7205   4091857.2983
 -2178844.4160   4383060.1100   4091824.3300
 -2178934.1330   4383088.4212   4091789.0007
 -2179023.6882   4383116.1663   4091754.2158
 -2179113.2407   4383146.0789   4091720.6999
 -2179203.0019   4383173.9949   4091686.2940
 -2179292.9810   4383203.4793   4091652.3507
 -2179382.1825   4383231.6400   4091617.8488
 -2179471.7037   4383260.2912   4091583.9910
 -2179561.0605   4383288.8283   4091549.9540
 -2179650.9420   4383318.4269   4091516.3797
 -2179740.9325   4383347.7948   4091482.4236
 -2179830.5035   4383375.7753   4091447.9415
 -2179919.2817   4383401.8661   4091412.3644
 -2180008.6984   4383431.6894   4091378.5498
 -2180098.5302   4383459.8203   4091344.3402
 -2180187.8926   4383487.5744   4091310.1751
 -2180276.7452   4383515.1874   4091275.4467
 -2180366.2223   4383544.0780   4091241.4875
 -2180455.8729   4383572.6290   4091207.3700
 -2180545.3412   4383600.6145   4091172.6138
 -2180635.1117   4383629.5748   4091138.8158
 -2180724.5892   4383657.8000   4091104.3099
 -2180813.9078   4383686.9880   4091070.2251
 -2180903.1675   4383715.2912   4091035.9848
 -2180992.8227   4383743.8358   4091002.3707
 -2181082.5503   4383775.2537   4090969.4979
 -2181172.9058   4383803.3657   4090935.0706
 -2181262.7044   4383832.6120   4090901.2632
 -2181351.9574   4383861.0109   4090866.9343
 -2181441.6333   4383891.1846   4090833.2183
 -2181530.9447   4383919.9753   4090799.3552
 -2181620.8411   4383948.1583   4090765.2968
 -2181710.1850   4383976.1726   4090731.2304
 -2181799.2124   4384004.1528   4090696.0851
 -2181889.5491   4384033.0918   4090662.1772
 -2181978.7083   4384062.7435   4090628.4032
 -2182067.9314   4384090.5594   4090593.9063
 -2182157.9430   4384119.6687   4090560.4533
 -2182247.2915   4384147.7977   4090525.7886
 -2182336.3481   4384176.6542   4090491.8041
 -2182426.3729   4384206.3543   4090458.2229
 -2182515.6438   4384234.2110   4090423.6198
 -2182605.2224   4384263.4638   4090389.9977
 -2182694.7525   4384292.1624   4090355.7217
 -2182784.3013   4384320.7742   4090321.4012
 -2182873.7580   4384348.3988   4090286.6816
 -2182963.3797   4384376.6571   4090252.6099
 -2183052.4153   4384405.7272   4090218.1197
 -2183142.0731   4384434.7461   4090184.8217
 -2183232.0329   4384464.3323   4090151.3198
 -2183321.6452   4384493.2437   4090117.0811
 -2183410.9228   4384521.0100   4090082.6163
 -2183499.8847   4384550.0897   4090048.5148
 -2183589.8845   4384579.4674   4090015.0005
 -2183679.3059   4384608.4879   4089980.7158
 -2183769.0828   4384636.9802   4089946.6694
 -2183858.4082   4384665.4627   4089912.7230
 -2183948.0708   4384695.0977   4089879.1906
 -2184037.9424   4384722.7764   4089844.7473
 -2184126.5644   4384750.5041   4089809.8363
 -2184216.7589   4384779.8414   4089776.3223
 -2184306.4123   4384809.5042   4089742.8055
 -2184396.0501   4384838.1748   4089708.7603
 -2184485.6701   4384867.9913   4089675.5572
 -2184574.2059   4384895.2731   4089640.4731
 -2184663.5927   4384922.3523   4089605.3841
 -2184753.2621   4384951.5082   4089571.3856
 -2184842.9992   4384979.9885   4089537.1879
 -2184932.8524   4385010.7721   4089504.2413
 -2185022.6353   4385039.1209   4089469.9252
 -2185111.5081   4385066.9675   4089435.5133
 -2185200.8593   4385095.8622   4089401.1651
 -2185290.4941   4385125.3499   4089367.4475
 -2185380.1280   4385153.8999   4089333.5739
 -2185470.1120   4385182.7130   4089299.5379
 -2185559.3210   4385211.6328   4089265.4273
 -2185648.5278   4385239.2368   4089230.2194
 -2185737.9959   4385268.2682   4089196.4163
 -2185827.9156   4385297.9983   4089163.4167
 -2185917.9098   4385326.4826   4089129.0360
 -2186007.4016   4385355.9626   4089094.6740
 -2186096.8322   4385383.5653   4089060.0881
 -2186186.2586   4385411.8090   4089026.0392
 -2186276.0634   4385441.3507   4088992.5403
 -2186365.4787   4385470.5810   4088958.4180
 -2186454.9134   4385498.9727   4088924.5127
 -2186544.7759   4385527.7712   4088890.3455
 -2186633.7755   4385555.8656   4088855.7572
 -2186722.9862   4385583.9918   4088821.1292
 -2186812.8632   4385613.8710   4088788.0187
 -2186902.7003   4385642.7138   4088753.2990
 -2186991.8172   4385670.8438   4088718.9632
 -2187081.5740   4385699.4875   4088684.9632
 -2187170.4124   4385727.2097   4088650.1800
 -2187260.3871   4385757.4474   4088616.7362
 -2187350.2081   4385786.4101   4088582.7732
 -2187439.6835   4385814.7655   4088548.3793
 -2187529.0095   4385843.2282   4088514.5137
 -2187618.7003   4385872.3669   4088480.4419
 -2187708.3180   4385901.6711   4088446.0694
 -2187797.5078   4385929.9067   4088411.5740
 -2187887.1239   4385959.0480   4088377.9628
 -2187976.7513   4385986.2580   4088343.0328
 -2188065.9674   4386015.0003   4088308.6728
 -2188155.4029   4386044.2307   4088275.0235
 -2188244.8237   4386072.7983   4088240.7864
 -2188335.0551   4386102.4271   4088207.4777
 -2188424.3114   4386130.5739   4088172.4805
 -2188513.7898   4386158.6997   4088137.8432
 -2188603.1332   4386188.0414   4088103.9846
 -2188692.4166   4386216.5173   4088070.0600
 -2188782.1269   4386245.3038   4088036.2355
 -2188871.4008   4386273.9884   4088001.2216
 -2188961.0001   4386302.1801   4087966.9432
 -2189050.6688   4386331.3138   4087933.1719
 -2189140.2541   4386360.6348   4087899.2938
 -2189229.6347   4386388.7902   4087864.8734
 -2189319.5370   4386417.3586   4087830.5281
 -2189408.4487   4386445.8382   4087796.3848
 -2189498.0004   4386475.0350   4087762.3114
 -2189587.0950   4386503.6743   4087727.9190
 -2189676.9881   4386532.6366   4087693.9395
 -2189766.4420   4386561.3119   4087659.4963
 -2189856.1560   4386589.0110   4087625.2219
 -2189945.7586   4386619.0101   4087591.6603
 -2190035.4720   4386648.3554   4087557.8220
 -2190124.6594   4386676.5514   4087522.9307
 -2190213.7427   4386704.8595   4087488.5708
 -2190303.3807   4386733.6660   4087454.3599
 -2190392.9822   4386761.4758   4087419.5762
 -2190482.3121   4386790.5459   4087385.8405
 -2190572.1123   4386819.7543   4087351.8690
 -2190661.3482   4386848.7481   4087317.6673
 -2190751.3668   4386878.4021   4087283.9922
 -2190840.8624   4386906.5916   4087249.4482
 -2190929.6636   4386934.5444   4087215.1294
 -2191019.6831   4386964.4055   4087181.3870
 -2191108.8726   4386991.1190   4087145.8589
 -2191198.2851   4387019.4660   4087111.5321
 -2191287.6671   4387048.6495   4087077.6507
 -2191377.7710   4387078.7965   4087044.2478
 -2191467.2747   4387107.5934   4087009.6529
 -2191556.8898   4387135.7061   4086975.2218
 -2191646.1640   4387163.3406   4086940.9530
 -2191734.9467   4387191.2361   4086906.2084
 -2191824.2803   4387220.0721   4086872.0885
 -2191914.2319   4387249.3961   4086837.9017
 -2192004.8097   4387279.1272   4086804.4707
 -2192094.0842   4387308.1816   4086770.4374
 -2192182.9253   4387337.0054   4086736.1549
 -2192272.0868   4387365.1371   4086701.5972
 -2192362.0632   4387393.4846   4086667.1807
 -2192451.3552   4387421.6197   4086632.5742
 -2192540.6324   4387450.3893   4086598.0952
 -2192629.9712   4387479.1046   4086563.8269
 -2192719.5788   4387507.6150   4086529.8528
 -2192809.2007   4387536.9146   4086495.6706
 -2192898.7735   4387565.9457   4086461.5671
 -2192988.5196   4387594.8239   4086427.1923
 -2193077.8198   4387624.2062   4086393.6352
 -2193167.5929   4387653.3950   4086359.5751
 -2193256.6397   4387680.6951   4086324.6312
 -2193345.6040   4387709.2228   4086289.9111
 -2193435.2670   4387737.9649   4086255.7676
 -2193524.9417   4387766.6280   4086221.5875
 -2193614.3970   4387795.3061   4086187.2223
 -2193703.5312   4387824.0840   4086153.1323
 -2193792.9182   4387852.6306   4086118.6166
 -2193882.6494   4387881.8936   4086084.4151
 -2193972.3188   4387911.0388   4086050.7089
 -2194061.9853   4387940.2570   4086017.1051
 -2194150.4793   4387968.0576   4085982.0476
 -2194240.0240   4387996.4511   4085947.4669
 -2194329.4191   4388024.9446   4085913.1328
 -2194419.2707   4388054.2499   4085879.2424
 -2194508.2178   4388082.8146   4085844.0792
 -2194597.5538   4388110.5980   4085809.6139
 -2194687.4051   4388140.1916   4085775.6691
 -2194777.3786   4388169.3957   4085742.3330
 -2194867.0421   4388199.7512   4085709.0159
 -2194955.1007   4388225.8642   4085672.8676
 -2195044.7998   4388255.0163   4085638.3756
 -2195134.4095   4388284.1327   4085604.6805
 -2195224.1776   4388313.6667   4085571.0988
 -2195313.8024   4388342.6071   4085536.3867
 -2195402.7123   4388369.9894   4085501.7172
 -2195491.8942   4388399.3996   4085467.3489
 -2195580.8292   4388427.7266   4085432.7820
 -2195670.7147   4388458.1815   4085399.4551
 -2195760.3807   4388486.7469   4085365.3674
 -2195849.8022   4388515.1075   4085330.7474
 -2195939.1313   4388544.9132   4085297.2342
 -2196028.0701   4388572.9284   4085261.9741
 -2196117.7274   4388600.2886   4085227.1064
 -2196207.0320   4388629.4482   4085193.2754
 -2196296.7759   4388659.6597   4085159.9777
 -2196386.5768   4388688.8482   4085125.5622
 -2196475.8861   4388716.9831   4085091.1292
 -2196565.5459   4388745.6051   4085057.2592
 -2196654.6814   4388774.2049   4085022.6234
 -2196743.9600   4388802.7079   4084987.9034
 -2196834.0647   4388832.0435   4084953.9199
 -2196922.7185   4388860.9552   4084919.4960
 -2197011.4255   4388888.0114   4084884.1682
 -2197101.7983   4388918.4421   4084850.8380
 -2197191.3837   4388946.7052   4084816.6389
 -2197280.6274   4388975.5565   4084781.9493
 -2197369.7842   4389004.2089   4084747.4506
 -2197459.0348   4389032.7442   4084713.2615
 -2197548.7527   4389061.7535   4084679.2001
 -2197638.2832   4389091.4130   4084645.1698
 -2197727.6358   4389120.1232   4084610.3165
 -2197816.7193   4389148.0400   4084576.0799
 -2197905.9310   4389176.4132   4084541.2655
 -2197995.9428   4389206.2137   4084507.8230
 -2198085.0752   4389234.9641   4084473.4492
 -2198173.8205   4389262.9325   4084438.6999
 -2198264.2092   4389292.4587   4084405.1651
 -2198353.7501   4389321.0106   4084370.3224
 -2198442.5321   4389348.6562   4084335.4666
 -2198531.3865   4389376.3178   4084300.1473
 -2198621.4846   4389407.8143   4084267.7632
 -2198711.2902   4389436.5071   4084233.4178
 -2198800.6294   4389463.9787   4084197.7452
 -2198889.7251   4389494.0664   4084164.6470
 -2198979.4819   4389522.2405   4084129.8016
 -2199068.2756   4389550.2666   4084095.4262
 -2199157.4802   4389578.3974   4084060.2959
 -2199247.1949   4389607.7627   4084026.5005
 -2199336.8471   4389637.6969   4083992.7935
 -2199426.2120   4389666.8843   4083958.6175
 -2199515.3049   4389694.7550   4083923.4967
 -2199605.0544   4389723.6270   4083889.6615
 -2199694.1751   4389751.8348   4083854.8830
 -2199783.8433   4389781.9810   4083821.0550
 -2199872.7483   4389810.1199   4083786.3384
 -2199962.2614   4389838.5404   4083751.8154
 -2200052.1274   4389867.2118   4083717.8327
 -2200141.4651   4389896.7851   4083683.6597
 -2200230.5671   4389925.6185   4083649.4232
 -2200319.9909   4389953.9261   4083614.7720
 -2200410.2889   4389983.5842   4083581.1684
 -2200499.5696   4390013.6007   4083547.4192
 -2200588.6526   4390040.9963   4083512.2006
 -2200677.4556   4390068.7078   4083476.9406
 -2200766.9704   4390098.3118   4083443.1300
 -2200856.5510   4390128.0884   4083409.5053
 -2200946.5331   4390156.6354   4083375.2410
 -2201035.1161   4390183.9454   4083339.7498
 -2201124.3548   4390212.2062   4083304.9699
 -2201213.0307   4390240.6920   4083270.5820
 -2201302.7384   4390270.1308   4083236.1349
 -2201392.3140   4390299.1955   4083202.5885
 -2201482.0196   4390327.6564   4083167.8379
 -2201571.7183   4390357.9840   4083134.4565
 -2201660.9258   4390385.4987   4083099.3383
 -2201749.7254   4390412.9130   4083064.0174
 -2201839.4747   4390442.9466   4083030.2734
 -2201929.0350   4390470.8135   4082995.3218
 -2202017.5887   4390498.2236   4082960.1484
 -2202107.4926   4390528.7980   4082927.3243
 -2202197.6694   4390558.7185   4082893.7596
 -2202287.3411   4390588.1462   4082859.6378
 -2202376.1441   4390616.4337   4082824.6676
 -2202465.8897   4390645.8209   4082790.5108
 -2202554.9250   4390674.0111   4082755.6670
 -2202644.3608   4390702.2321   4082721.3843
 -2202734.1075   4390731.1814   4082687.2164
 -2202822.8688   4390759.2275   4082652.0213
 -2202912.1706   4390787.7616   4082617.1709
 -2203001.7476   4390815.8473   4082582.9465
 -2203091.2765   4390846.6071   4082549.7564
 -2203180.8158   4390875.3287   4082515.0099
 -2203270.5228   4390903.8911   4082480.5243
 -2203358.8785   4390931.2846   4082445.5120
 -2203448.6863   4390960.2535   4082411.2735
 -2203537.8447   4390989.0422   4082377.0328
 -2203627.2446   4391017.8105   4082342.4534
 -2203716.8674   4391046.8412   4082307.9547
 -2203805.7899   4391075.9354   4082273.7481
 -2203894.9402   4391104.2259   4082239.0210
 -2203985.3068   4391134.2253   4082205.4563
 -2204074.8386   4391162.4429   4082171.0122
 -2204163.8805   4391191.3425   4082136.0680
 -2204253.5914   4391221.0172   4082102.6068
 -2204342.8654   4391249.8053   4082067.8659
 -2204431.6585   4391277.0026   4082032.9310
 -2204521.3951   4391306.1172   4081998.7529
 -2204611.4145   4391335.5646   4081964.4884
 -2204699.9156   4391363.9067   4081929.8685
 -2204789.0050   4391392.4186   4081895.1182
 -2204878.9588   4391422.5774   4081861.6669
 -2204968.9403   4391451.7652   4081828.0902
 -2205058.2446   4391480.5093   4081792.9242
 -2205146.8579   4391507.9791   4081757.6251
 -2205236.1071   4391536.5196   4081723.2101
 -2205325.6721   4391565.7213   4081689.4298
 -2205415.0467   4391594.4847   4081654.7034
 -2205504.4599   4391623.0417   4081619.8256
 -2205593.1962   4391650.2372   4081584.9628
 -2205682.8985   4391678.9436   4081550.5167
 -2205772.7599   4391708.2686   4081516.1715
 -2205861.9564   4391738.3102   4081482.4016
 -2205951.1565   4391766.1143   4081448.0478
 -2206040.8788   4391795.3252   4081413.5145
 -2206129.7931   4391823.7534   4081378.6511
 -2206219.0439   4391852.6724   4081344.0874
 -2206308.5376   4391881.0618   4081309.5264
 -2206397.9504   4391910.1202   4081275.4071
 -2206487.7109   4391938.9495   4081240.9033
 -2206576.1266   4391967.0343   4081206.0388
 -2206665.2997   4391995.2957   4081171.1651
 -2206755.7844   4392025.8013   4081138.1217
 -2206845.5129   4392055.1882   4081104.0214
 -2206934.2605   4392082.3207   4081068.2520
 -2207023.2405   4392111.7807   4081034.2833
 -2207113.1040   4392141.1050   4081000.2545
 -2207202.5597   4392169.3590   4080965.5233
 -2207291.2701   4392197.6904   4080930.7158
 -2207381.3210   4392226.5814   4080896.3445
 -2207470.4328   4392256.1524   4080862.1419
 -2207560.0836   4392285.2714   4080828.0614
 -2207649.4807   4392313.7836   4080793.2358
 -2207738.3402   4392341.0036   4080757.6780
 -2207827.3085   4392369.3920   4080723.0192
 -2207917.2279   4392400.0326   4080689.8971
 -2208007.6359   4392431.1264   4080656.8421
 -2208096.2070   4392458.5457   4080621.8009
 -2208185.1606   4392485.9694   4080586.2742
 -2208274.3862   4392514.2173   4080551.5147
 -2208364.1877   4392544.7801   4080518.3302
 -2208454.1050   4392573.6600   4080483.6733
 -2208542.9034   4392601.6524   4080448.5371
 -2208631.9518   4392630.6882   4080414.4445
 -2208721.0860   4392658.4306   4080379.2517
 -2208810.3648   4392687.1205   4080344.4153
 -2208900.1341   4392716.4618   4080310.4129
 -2208988.7217   4392744.1107   4080275.2460
 -2209078.9946   4392774.6006   4080242.0917
 -2209167.8602   4392803.0201   4080207.4133
 -2209258.0518   4392833.4595   4080173.8280
 -2209346.9274   4392861.5278   4080139.5421
 -2209435.7973   4392889.6372   4080104.5897
 -2209524.9440   4392917.8159   4080069.1561
 -2209614.0860   4392947.2005   4080035.1811
 -2209703.5891   4392976.2909   4080000.8806
 -2209793.5313   4393006.2550   4079967.0318
 -2209883.2114   4393035.4637   4079932.8108
 -2209972.4637   4393063.3954   4079897.8545
 -2210061.5355   4393092.5636   4079863.3779
 -2210151.7923   4393122.7282   4079829.8651
 -2210240.4753   4393149.7468   4079794.2859
 -2210329.0473   4393178.0918   4079759.1815
 -2210418.5669   4393207.2448   4079725.2149
 -2210508.3940   4393236.6437   4079691.0499
 -2210597.4853   4393264.8462   4079656.3561
 -2210686.7560   4393293.9760   4079622.3344
 -2210776.3493   4393322.5039   4079587.5806
 -2210865.4630   4393351.8899   4079552.9292
 -2210955.4855   4393381.4725   4079519.3704
 -2211044.7936   4393410.4506   4079484.9380
 -2211133.5435   4393437.6618   4079449.5404
 -2211222.7242   4393465.8687   4079414.3723
 -2211311.7273   4393493.8471   4079379.4129
 -2211401.9351   4393523.2599   4079345.3882
 -2211490.7152   4393551.8888   4079310.5019
 -2211580.6395   4393582.1219   4079276.6424
 -2211669.7797   4393610.4475   4079241.9527
 -2211758.7998   4393639.8474   4079207.8616
 -2211848.5406   4393668.2377   4079173.1943
 -2211937.3795   4393695.5657   4079137.8853
 -2212027.4547   4393726.6899   4079104.7910
 -2212116.7888   4393755.5846   4079069.6590
 -2212206.0597   4393783.8964   4079035.5940
 -2212294.5634   4393812.2536   4079000.1700
 -2212383.8265   4393841.0511   4078965.9700
 -2212473.2500   4393869.1144   4078930.8224
 -2212562.9092   4393898.6300   4078897.1836
 -2212651.3491   4393926.5974   4078861.5067
 -2212740.1810   4393955.1848   4078826.6503
 -2212830.8415   4393984.9010   4078793.5814
 -2212919.6103   4394012.8029   4078758.0901
 -2213008.4727   4394041.3274   4078723.2503
 -2213098.5324   4394071.6136   4078689.9411
 -2213188.1013   4394100.8376   4078655.4868
 -2213276.9086   4394129.3503   4078620.8152
 -2213366.6808   4394159.0625   4078586.5451
 -2213456.1883   4394186.8353   4078551.0910
 -2213545.4057   4394215.3051   4078516.6658
 -2213634.2191   4394244.1268   4078482.0025
 -2213723.7321   4394273.5347   4078448.2971
 -2213812.3304   4394302.2942   4078413.2817
 -2213902.4271   4394331.7528   4078379.8566
 -2213992.4782   4394361.3939   4078345.3442
 -2214081.4351   4394390.1307   4078311.0265
 -2214170.3161   4394418.5092   4078275.9502
 -2214260.2951   4394447.6644   4078241.1524
 -2214349.2128   4394476.3160   4078206.5786
 -2214438.4444   4394504.4229   4078171.8513
 -2214526.7479   4394532.1770   4078136.2390
 -2214616.0598   4394561.0528   4078101.8230
 -2214706.2566   4394591.5131   4078068.7135
 -2214795.4833   4394620.4756   4078034.2649
 -2214884.6848   4394648.0847   4077998.8920
 -2214973.9851   4394677.7540   4077964.8429
 -2215063.0760   4394705.8729   4077929.5135
 -2215152.2870   4394735.0514   4077894.8574
 -2215241.8487   4394763.1828   4077860.2192
 -2215330.6228   4394791.5385   4077825.4212
 -2215419.9697   4394820.6953   4077791.4071
 -2215509.5976   4394849.8182   4077756.4025
 -2215598.9743   4394878.7577   4077721.8139
 -2215688.5032   4394908.8141   4077688.3210
 -2215777.9698   4394937.9022   4077654.0239
 -2215867.0890   4394965.7731   4077618.8288
 -2215956.4587   4394995.0153   4077584.2467
 -2216045.7318   4395023.5321   4077549.6403
 -2216134.5204   4395051.5667   4077514.3941
 -2216224.3796   4395081.3330   4077480.7824
 -2216313.7028   4395110.4860   4077446.4450
 -2216403.4186   4395139.9865   4077411.9884
 -2216492.0986   4395167.1703   4077376.8233
 -2216580.4304   4395195.2915   4077341.2719
 -2216670.5095   4395225.6321   4077307.7445
 -2216760.2641   4395254.6753   4077272.9281
 -2216849.4597   4395283.7345   4077238.7172
 -2216938.5116   4395312.6679   4077204.5939
 -2217027.8996   4395340.9044   4077169.5251
 -2217117.1377   4395369.5897   4077134.5958
 -2217206.2988   4395397.8833   4077099.9265
 -2217295.5931   4395426.8397   4077064.9973
 -2217384.6543   4395455.3593   4077030.0487
 -2217473.7470   4395483.9682   4076995.6024
 -2217563.7988   4395514.2576   4076962.1260
 -2217652.8777   4395543.0146   4076927.0996
 -2217741.7212   4395571.3978   4076892.3228
 -2217831.0153   4395600.3107   4076857.7092
 -2217920.0439   4395629.2556   4076823.1755
 -2218009.5785   4395657.6743   4076788.5486
 -2218098.7368   4395686.5353   4076753.8325
 -2218188.2865   4395715.7692   4076719.9897
 -2218277.4781   4395745.1458   4076684.9954
 -2218367.1129   4395774.1383   4076650.5065
 -2218456.3449   4395802.4782   4076615.7708
 -2218546.1402   4395831.3205   4076581.1399
 -2218634.4136   4395859.7416   4076546.1951
 -2218723.8826   4395889.0007   4076511.6834
 -2218813.5723   4395917.5053   4076477.2097
 -2218902.4132   4395946.4591   4076442.9464
 -2218991.7957   4395975.5494   4076407.5901
 -2219080.9282   4396004.0109   4076373.0327
 -2219170.5488   4396032.4753   4076338.4580
 -2219259.2661   4396061.8788   4076304.3005
 -2219348.8166   4396090.2953   4076269.6997
 -2219438.5789   4396120.3433   4076235.2347
 -2219527.9449   4396149.1120   4076200.4937
 -2219616.4771   4396176.7993   4076165.5419
 -2219706.3029   4396206.3310   4076131.2236
 -2219794.8979   4396234.0698   4076096.0900
 -2219884.6969   4396263.6651   4076062.0138
 -2219973.4193   4396292.6062   4076026.7917
 -2220063.3759   4396322.0612   4075992.8067
 -2220152.2952   4396349.8945   4075957.5111
 -2220241.1238   4396378.7230   4075922.7905
 -2220330.8088   4396408.3863   4075888.7561
 -2220420.1668   4396437.2100   4075854.2949
 -2220509.2301   4396465.5587   4075819.3485
 -2220598.1545   4396494.4455   4075784.4212
 -2220688.4704   4396524.1354   4075750.7366
 -2220777.3945   4396552.9752   4075716.0928
 -2220866.4411   4396581.9364   4075681.5621
 -2220955.6333   4396609.5677   4075645.5850
 -2221045.0961   4396638.7261   4075611.3218
 -2221134.8139   4396668.3178   4075577.0978
 -2221223.8431   4396697.2667   4075542.0919
 -2221312.6080   4396725.8429   4075507.7291
 -2221401.8073   4396753.8902   4075472.6045
 -2221491.4430   4396783.4878   4075438.5549
 -2221580.5041   4396811.7916   4075403.7505
 -2221669.6286   4396840.5822   4075368.5101
 -2221758.8399   4396869.3090   4075333.6717
 -2221848.4228   4396899.0785   4075300.0372
 -2221937.6510   4396927.9013   4075265.3522
 -2222026.9289   4396956.7898   4075230.9380
 -2222116.0762   4396985.3665   4075195.9515
 -2222205.6346   4397014.8699   4075162.0166
 -2222294.5997   4397043.3157   4075126.1789
 -2222383.3172   4397071.0267   4075091.1413
 -2222472.6549   4397100.1768   4075056.6063
 -2222562.1680   4397129.1454   4075021.8162
 -2222651.1135   4397157.9001   4074987.0154
 -2222740.6568   4397187.6441   4074953.2526
 -2222830.2431   4397216.3589   4074918.6147
 -2222919.7310   4397246.0248   4074884.5692
 -2223008.4713   4397274.6217   4074849.3225
 -2223097.1067   4397301.8474   4074813.4346
 -2223186.6263   4397331.1803   4074779.4538
 -2223276.2897   4397360.4791   4074745.3439
 -2223365.7423   4397389.5087   4074710.5195
 -2223454.8085   4397418.4263   4074675.8586
 -2223544.5848   4397448.2512   4074641.6430
 -2223633.7154   4397476.6715   4074606.5024
 -2223722.8021   4397505.3152   4074571.4264
 -2223811.2075   4397532.9126   4074536.4461
 -2223900.5840   4397562.4048   4074501.9954
 -2223990.0111   4397591.4720   4074467.5964
 -2224079.0809   4397619.6281   4074432.4820
 -2224168.2514   4397649.0695   4074397.8095
 -2224257.5339   4397677.2615   4074362.4102
 -2224347.2521   4397706.9352   4074328.6907
 -2224435.9066   4397735.2215   4074293.5099
 -2224525.2019   4397764.4568   4074259.0000
 -2224614.6510   4397792.8528   4074224.2566
 -2224704.2559   4397822.5835   4074189.9814
 -2224793.7218   4397851.6637   4074155.3227
 -2224882.7704   4397880.2384   4074120.2873
 -2224971.7983   4397908.7805   4074085.3579
 -2225061.1820   4397938.4172   4074051.2557
 -2225150.4706   4397966.8117   4074016.4403
 -2225239.5564   4397995.0656   4073981.5071
 -2225328.6450   4398024.0759   4073946.4523
 -2225418.5405   4398054.2302   4073912.5396
 -2225506.9717   4398082.6822   4073877.4799
 -2225595.6257   4398110.4887   4073842.0180
 -2225685.1387   4398139.6121   4073807.5934
 -2225774.5328   4398168.6184   4073772.9880
 -2225864.0109   4398197.7287   4073738.2639
 -2225953.9326   4398226.3620   4073703.9777
 -2226042.4894   4398255.4960   4073668.5788
 -2226131.6458   4398284.5636   4073634.7065
 -2226221.2999   4398313.3719   4073600.0355
 -2226310.5141   4398342.3977   4073564.9632
 -2226398.8777   4398370.8510   4073529.7422
 -2226488.2450   4398399.3072   4073495.7334
 -2226578.0010   4398428.6839   4073460.5237
 -2226666.9169   4398457.2018   4073426.1966
 -2226756.6975   4398486.5839   4073391.9502
 -2226845.8832   4398515.9302   4073357.4345
 -2226935.0028   4398544.9715   4073322.2512
 -2227023.9789   4398573.2128   4073287.5944
 -2227113.4743   4398602.3230   4073253.1011
 -2227202.4779   4398630.9635   4073217.7129
 -2227291.2422   4398660.0864   4073183.5816
 -2227381.3659   4398689.5121   4073149.0401
 -2227470.1187   4398718.1543   4073114.0932
 -2227558.9604   4398746.3323   4073078.9301
 -2227648.3873   4398774.9428   4073043.6115
 -2227737.3611   4398803.9873   4073008.9993
 -2227826.6611   4398832.8405   4072974.4785
 -2227915.9155   4398861.7835   4072939.9423
 -2228005.2894   4398890.3306   4072904.6444
 -2228094.4080   4398919.7828   4072870.3633
 -2228184.0091   4398949.0277   4072835.8278
 -2228273.3162   4398978.5471   4072801.3752
 -2228361.7510   4399006.7965   4072766.3224
 -2228451.3604   4399035.7830   4072731.7589
 -2228540.4200   4399063.6873   4072696.5455
 -2228629.7279   4399093.2447   4072661.9780
 -2228718.8271   4399122.1665   4072626.8885
 -2228808.6621   4399151.5802   4072592.7387
 -2228897.2029   4399180.1119   4072558.0211
 -2228986.5789   4399208.7160   4072522.6772
 -2229075.4957   4399237.8393   4072488.1760
 -2229164.4029   4399266.3441   4072452.7112
 -2229253.5169   4399294.9322   4072417.7616
 -2229343.4000   4399324.3360   4072383.4993
 -2229432.9997   4399354.0102   4072349.7035
 -2229522.1348   4399382.5162   4072314.9060
 -2229610.7144   4399410.5145   4072278.8811
 -2229699.4628   4399439.0939   4072243.8069
 -2229789.0280   4399468.4098   4072209.5500
 -2229878.4471   4399498.1179   4072175.9612
 -2229967.4553   4399526.6758   4072140.6101
 -2230057.6669   4399556.3754   4072106.3986
 -2230146.4471   4399584.2592   4072071.2133
 -2230235.4281   4399613.1891   4072036.1504
 -2230324.3081   4399642.4952   4072001.2642
 -2230413.2898   4399670.8959   4071966.0470
 -2230502.6774   4399699.6214   4071931.8771
 -2230592.4741   4399729.1518   4071897.6673
 -2230681.4403   4399758.5918   4071862.6697
 -2230770.9016   4399787.2152   4071827.8529
 -2230859.9005   4399815.7508   4071793.0019
 -2230949.2456   4399844.6823   4071757.9550
 -2231038.3478   4399873.2369   4071723.2380
 -2231126.9117   4399902.2425   4071688.1987
 -2231216.1460   4399931.2614   4071654.0845
 -2231305.6016   4399960.5680   4071619.0692
 -2231395.3630   4399989.4658   4071584.5298
 -2231484.4304   4400018.2742   4071549.5836
 -2231573.1049   4400046.7692   4071514.4737
 -2231662.1760   4400075.8714   4071479.5035
 -2231751.7899   4400104.7532   4071444.9413
 -2231840.6249   4400133.9428   4071409.7860
 -2231930.0734   4400162.4544   4071375.2441
 -2232019.4032   4400192.0408   4071341.0334
 -2232108.7297   4400221.1727   4071306.4809
 -2232197.7988   4400249.3321   4071271.2366
 -2232287.2167   4400278.3839   4071235.9352
 -2232376.1560   4400307.2347   4071201.4548
 -2232465.1269   4400336.1293   4071166.7472
 -2232554.5151   4400365.1259   4071131.6686
 -2232643.7851   4400394.2068   4071096.9262
 -2232733.3328   4400423.3077   4071062.4262
 -2232822.3554   4400451.4131   4071026.8872
 -2232910.0272   4400479.6560   4070991.7541
 -2233000.0504   4400509.4371   4070957.7249
 -2233089.3142   4400538.4710   4070922.9822
 -2233178.5061   4400567.8776   4070888.8444
 -2233267.9294   4400596.7445   4070853.8224
 -2233357.2206   4400624.9334   4070818.4949
 -2233445.9688   4400653.7308   4070783.2483
 -2233535.1218   4400683.0396   4070748.4851
 -2233624.6606   4400712.3118   4070714.1699
 -2233713.5951   4400740.8227   4070678.7229
 -2233802.8840   4400769.5045   4070644.4743
 -2233892.0646   4400798.4563   4070609.2701
 -2233981.2778   4400827.3735   4070574.2613
 -2234070.3787   4400856.0192   4070539.0572
 -2234159.4314   4400884.8695   4070504.9315
 -2234248.6867   4400914.1051   4070470.2654
 -2234338.1716   4400943.2877   4070435.4699
 -2234426.8930   4400972.2780   4070400.6928
 -2234516.7279   4401001.2815   4070366.1979
 -2234605.7197   4401030.7241   4070331.5289
 -2234694.0802   4401058.7619   4070295.4360
 -2234783.5867   4401088.0715   4070261.4838
 -2234872.4404   4401116.1022   4070226.5442
 -2234961.9228   4401145.4346   4070191.1731
 -2235051.1048   4401174.3866   4070156.7879
 -2235140.6881   4401203.6770   4070121.8278
 -2235229.3573   4401232.6091   4070087.3045
 -2235318.7309   4401261.5110   4070052.4093
 -2235408.2184   4401290.4000   4070017.6043
 -2235497.4482   4401319.4963   4069982.7986
 -2235585.5667   4401347.6340   4069947.2969
 -2235675.1853   4401377.0480   4069912.6567
 -2235765.2840   4401406.6063   4069878.1525
 -2235854.3531   4401435.3356   4069843.2919
 -2235942.9391   4401463.6238   4069808.2070
 -2236032.3137   4401493.0798   4069773.5137
 -2236121.0104   4401521.5608   4069738.7149
 -2236210.6918   4401550.6461   4069704.2875
 -2236299.8863   4401579.4340   4069668.9359
 -2236389.3484   4401607.9216   4069633.6533
 -2236478.2113   4401637.5759   4069599.2596
 -2236567.2428   4401667.1156   4069565.0389
 -2236656.4670   4401695.4376   4069529.2045
 -2236745.6681   4401724.6077   4069494.1914
 -2236835.3114   4401753.8739   4069460.1037
 -2236923.6983   4401781.9902   4069424.5221
 -2237012.4115   4401810.5553   4069389.7151
 -2237101.9802   4401840.0090   4069354.8852
 -2237190.6959   4401868.6786   4069320.4787
 -2237280.6455   4401898.1909   4069285.9079
 -2237369.9781   4401927.0758   4069250.6833
 -2237458.4971   4401955.0638   4069214.5342
 -2237547.0318   4401983.8813   4069179.8991
 -2237636.1625   4402013.0598   4069145.3415
 -2237725.7908   4402042.4713   4069111.1961
 -2237815.1048   4402071.6679   4069076.2361
 -2237904.5606   4402100.1081   4069041.1827
 -2237993.7980   4402129.4215   4069006.5628
 -2238082.8065   4402158.5755   4068972.1764
 -2238172.0414   4402187.1612   4068936.9019
 -2238261.2426   4402216.3493   4068902.0573
 -2238350.6370   4402245.5413   4068867.2663
 -2238439.4626   4402273.9353   4068832.1308
 -2238528.7779   4402303.0289   4068796.9324
 -2238617.5689   4402331.7219   4068761.7786
 -2238706.5950   4402360.2443   4068726.7682
 -2238795.5735   4402389.0946   4068692.1224
 -2238885.0027   4402418.4129   4068657.2443
 -2238973.8525   4402447.7024   4068622.8615
 -2239063.5484   4402476.5773   4068587.6991
 -2239152.4950   4402505.0951   4068552.5881
 -2239241.6334   4402533.4129   4068517.4610
 -2239331.0816   4402563.2217   4068482.9500
 -2239419.6680   4402591.7923   4068448.1529
 -2239508.8144   4402620.3813   4068412.7679
 -2239598.1383   4402650.2743   4068378.7553
 -2239687.0933   4402679.6116   4068344.0605
 -2239776.6504   4402707.9794   4068308.1482
 -2239865.3920   4402736.7285   4068273.1739
 -2239954.7671   4402765.5248   4068238.6088
 -2240043.5173   4402794.8625   4068204.2380
 -2240133.1661   4402824.1680   4068169.3639
 -2240222.1871   4402852.8520   4068134.2354
 -2240311.1303   4402881.3071   4068099.2945
 -2240400.2068   4402909.7393   4068064.0829
 -2240489.5758   4402939.2607   4068028.8316
 -2240578.7189   4402968.2882   4067993.6855
 -2240667.4268   4402997.0108   4067959.0578
 -2240756.9493   4403026.4956   4067924.4058
 -2240846.2344   4403055.0922   4067889.2220
 -2240935.0644   4403083.8972   4067854.4110
 -2241024.1171   4403112.6274   4067819.1832
 -2241113.0300   4403141.6607   4067784.0151
 -2241202.6645   4403170.9070   4067749.5060
 -2241291.1355   4403199.7990   4067715.0099
 -2241380.4380   4403228.6488   4067680.4131
 -2241470.1622   4403258.4306   4067645.8828
 -2241558.7004   4403286.8214   4067609.9711
 -2241648.2783   4403316.1019   4067575.4574
 -2241737.4865   4403345.5102   4067540.9298
 -2241826.0954   4403373.6319   4067505.0283
 -2241915.1367   4403402.3971   4067470.1381
 -2242004.2233   4403431.1809   4067435.2231
 -2242093.8534   4403460.3201   4067400.5555
 -2242183.0595   4403489.6018   4067365.3006
 -2242272.1547   4403518.1096   4067330.6794
 -2242360.7555   4403547.4541   4067295.6356
 -2242450.2377   4403576.2163   4067260.8339
 -2242539.3780   4403605.0478   4067225.5182
 -2242628.7084   4403634.1341   4067190.2997
 -2242717.5118   4403662.8105   4067155.4428
 -2242806.4924   4403692.3306   4067120.4775
 -2242895.6974   4403720.7693   4067085.6215
 -2242984.9247   4403750.0443   4067050.8045
 -2243074.6106   4403779.0220   4067016.3914
 -2243163.4963   4403808.1259   4066981.2124
 -2243252.2295   4403836.3703   4066945.8753
 -2243340.8199   4403865.5691   4066910.9020
 -2243430.3947   4403894.6895   4066875.7819
 -2243519.9081   4403923.8319   4066841.2503
 -2243608.9763   4403952.5960   4066806.2801
 -2243697.7203   4403981.5324   4066771.5233
 -2243786.9970   4404010.7015   4066736.5059
 -2243875.9010   4404039.3464   4066701.3245
 -2243964.6628   4404068.4896   4066666.5911
 -2244054.1004   4404097.1384   4066631.2685
 -2244143.6974   4404126.2141   4066596.7760
 -2244232.1432   4404154.9317   4066561.1520
 -2244321.4941   4404184.4537   4066526.5364
 -2244410.4309   4404213.1814   4066491.5057
 -2244499.9836   4404241.9223   4066456.8249
 -2244589.1845   4404271.6354   4066422.1008
 -2244677.8708   4404300.0525   4066386.9268
 -2244766.9025   4404328.7670   4066351.7206
 -2244856.3491   4404358.1964   4066316.6360
 -2244945.2801   4404386.8857   4066281.7543
 -2245034.4749   4404416.0911   4066247.2772
 -2245123.1327   4404444.8774   4066212.1058
 -2245212.2277   4404474.0793   4066176.9585
 -2245301.5884   4404503.0446   4066142.3462
 -2245390.8248   4404531.7815   4066107.1028
 -2245479.6122   4404560.1767   4066071.6170
 -2245569.1806   4404590.6130   4066037.4483
 -2245658.2980   4404619.4279   4066002.2159
 -2245746.9653   4404647.9603   4065967.2556
 -2245835.8855   4404676.0077   4065931.8080
 -2245924.8393   4404705.1009   4065896.6051
 -2246014.3258   4404734.4594   4065862.0090
 -2246104.0718   4404763.5056   4065826.9533
 -2246193.1859   4404792.8199   4065792.7404
 -2246282.1493   4404821.6008   4065757.7372
 -2246371.4103   4404850.8056   4065722.4894
 -2246459.8500   4404879.2849   4065686.9122
 -2246548.3999   4404908.3349   4065651.9504
 -2246637.8210   4404936.9832   4065616.8967
 -2246727.1533   4404965.9069   4065581.6443
 -2246816.5074   4404995.0602   4065547.0622
 -2246905.3760   4405024.5514   4065512.8390
 -2246994.5525   4405053.5503   4065477.3640
 -2247083.5408   4405082.0724   4065441.9942
 -2247172.4117   4405110.8417   4065406.5290
 -2247261.0329   4405139.2801   4065371.0670
 -2247351.2085   4405169.7169   4065337.4001
 -2247440.1000   4405198.6364   4065302.6213
 -2247528.6234   4405226.8016   4065266.8732
 -2247617.9446   4405256.1616   4065232.0105
 -2247707.2881   4405285.6632   4065197.0661
 -2247796.5282   4405314.3455   4065162.1668
 -2247885.3262   4405343.2274   4065127.2727
 -2247974.2085   4405372.1020   4065091.7111
 -2248062.9770   4405400.7068   4065056.8185
 -2248152.1401   4405428.7661   4065021.2278
 -2248241.0416   4405458.3503   4064986.6976
 -2248330.4401   4405487.9697   4064951.9653
 -2248419.0799   4405516.5587   4064916.3250
 -2248508.3940   4405545.5404   4064881.6640
 -2248598.2731   4405574.6999   4064846.4706
 -2248686.7467   4405603.6521   4064811.6819
 -2248776.0478   4405633.2764   4064777.3732
 -2248864.6928   4405661.5718   4064741.5113
 -2248953.3841   4405690.1658   4064705.8581
 -2249042.9695   4405719.4110   4064671.5900
 -2249132.2322   4405748.5980   4064637.0305
 -2249221.5757   4405777.1627   4064602.1402
 -2249310.2920   4405806.6236   4064566.7093
 -2249399.8619   4405835.5666   4064531.4009
 -2249488.7061   4405864.4485   4064496.6722
 -2249577.3199   4405893.4746   4064461.4225
 -2249666.8498   4405922.5741   4064426.0411
EOF