 -2180214.2881   4394323.9121   4078354.8628
 -2180263.6243   4394339.2320   4078334.5217
 -2180313.8629   4394353.4762   4078313.3616
 -2180363.5512   4394370.1423   4078295.5738
 -2180412.4350   4394385.4339   4078277.5725
 -2180462.1106   4394402.4067   4078259.8056
 -2180511.8964   4394417.6653   4078240.6231
 -2180561.9832   4394433.9277   4078221.2928
 -2180611.4390   4394450.9633   4078203.6824
 -2180660.4567   4394466.9701   4078186.0857
 -2180709.9638   4394483.5329   4078168.4555
 -2180760.1840   4394497.7951   4078148.0265
 -2180810.2627   4394513.4257   4078128.1138
 -2180859.8481   4394529.1680   4078109.0254
 -2180909.6789   4394544.3064   4078089.5034
 -2180959.7617   4394559.0977   4078069.5687
 -2181009.4916   4394575.7013   4078051.1702
 -2181059.5830   4394591.6725   4078031.7102
 -2181109.4787   4394607.6562   4078012.3588
 -2181159.0312   4394623.1686   4077994.1024
 -2181208.8060   4394639.3820   4077975.5046
 -2181258.4892   4394655.5235   4077956.7315
 -2181308.2841   4394671.9311   4077938.5214
 -2181358.3985   4394686.6846   4077917.9070
 -2181407.8071   4394702.7956   4077899.7610
 -2181457.9059   4394718.0696   4077879.5666
 -2181508.0724   4394734.1943   4077859.6070
 -2181557.9746   4394750.7613   4077841.2392
 -2181607.8691   4394767.5252   4077823.4095
 -2181657.2658   4394782.7524   4077803.7139
 -2181707.5381   4394798.2232   4077783.8196
 -2181757.0208   4394813.2931   4077764.7479
 -2181807.0790   4394829.4486   4077746.0232
 -2181857.0132   4394845.7270   4077727.0485
 -2181907.0920   4394861.8152   4077707.6593
 -2181957.2092   4394878.2458   4077688.6077
 -2182007.0857   4394894.1523   4077669.7779
 -2182056.5301   4394910.4055   4077651.4303
 -2182106.9119   4394926.1074   4077631.7707
 -2182156.5473   4394941.6820   4077612.6460
 -2182206.2450   4394957.5931   4077593.5049
 -2182255.7019   4394973.6611   4077575.0979
 -2182305.7331   4394990.7387   4077557.2623
 -2182355.3112   4395006.5731   4077538.8299
 -2182404.9621   4395021.7290   4077519.3318
 -2182454.4893   4395037.3767   4077500.7182
 -2182504.3013   4395053.6362   4077481.9788
 -2182553.7883   4395068.3353   4077462.3382
 -2182603.7319   4395084.2852   4077443.4224
 -2182653.7505   4395101.7500   4077425.4329
 -2182702.9049   4395116.5262   4077406.0606
 -2182752.3600   4395131.9719   4077386.5877
 -2182802.0665   4395146.0621   4077366.7074
 -2182852.2053   4395162.6005   4077347.9675
 -2182902.4864   4395178.8130   4077328.9905
 -2182952.6878   4395195.4366   4077310.3742
 -2183002.0488   4395211.2458   4077291.3239
 -2183051.7744   4395226.5089   4077271.8275
 -2183101.2923   4395241.8761   4077252.8621
 -2183151.0851   4395257.8770   4077234.1729
 -2183200.8501   4395272.8696   4077214.7480
 -2183250.7315   4395288.9364   4077195.7962
 -2183300.7532   4395305.5013   4077177.1475
 -2183350.8709   4395321.7641   4077158.4317
 -2183401.1410   4395338.1992   4077139.6528
 -2183450.6377   4395354.2931   4077120.9105
 -2183500.4031   4395371.0709   4077102.5521
 -2183549.9601   4395386.5140   4077083.3585
 -2183600.0228   4395403.1530   4077064.8847
 -2183650.0511   4395420.0649   4077046.2677
 -2183699.5301   4395436.0214   4077027.3854
 -2183749.5487   4395451.8765   4077008.2392
 -2183799.2820   4395467.7073   4076989.3629
 -2183849.3092   4395483.5487   4076970.2447
 -2183899.1310   4395499.0958   4076951.0053
 -2183948.9266   4395514.7846   4076931.9033
 -2183998.6588   4395530.3167   4076912.7120
 -2184048.0485   4395545.1150   4076893.3108
 -2184097.8729   4395560.8197   4076874.1336
 -2184147.3506   4395576.0650   4076854.7358
 -2184197.3666   4395593.3999   4076836.3575
 -2184247.3377   4395609.4030   4076817.4123
 -2184297.0228   4395624.5975   4076798.0080
 -2184346.4901   4395640.1948   4076778.7486
 -2184396.5044   4395655.9755   4076759.4569
 -2184446.4201   4395672.2790   4076740.7048
 -2184496.3845   4395688.3807   4076721.5764
 -2184545.9218   4395704.3583   4076702.9060
 -2184595.7239   4395719.7889   4076683.5405
 -2184645.4772   4395735.7486   4076664.6864
 -2184695.1301   4395751.7406   4076645.8339
 -2184745.0229   4395768.1081   4076627.2326
 -2184794.9862   4395783.9708   4076608.2722
 -2184845.0784   4395800.8647   4076589.7896
 -2184894.6966   4395817.0895   4076571.1664
 -2184944.4853   4395833.0032   4076552.0639
 -2184994.0192   4395847.9418   4076532.6523
 -2185043.8098   4395863.1699   4076513.7394
 -2185093.3455   4395878.7901   4076494.4520
 -2185143.2564   4395895.4602   4076476.0490
 -2185193.0734   4395912.0054   4076457.3013
 -2185242.7456   4395927.7212   4076438.2034
 -2185292.8091   4395943.4488   4076419.0500
 -2185342.7323   4395959.0443   4076400.2413
 -2185392.5871   4395975.2750   4076380.9600
 -2185442.0466   4395990.2688   4076361.4791
 -2185491.4463   4396005.8728   4076342.4560
 -2185541.2776   4396022.3614   4076323.9327
 -2185591.1893   4396038.8319   4076305.2067
 -2185641.0249   4396054.5614   4076285.9203
 -2185690.8118   4396070.7976   4076267.2457
 -2185740.5530   4396086.3097   4076248.0496
 -2185790.3758   4396102.2217   4076229.2360
 -2185839.8292   4396117.8822   4076210.1074
 -2185889.9694   4396133.9204   4076191.1471
 -2185939.9054   4396150.0669   4076172.2502
 -2185989.6339   4396166.1676   4076153.0000
 -2186039.3109   4396181.8507   4076133.9658
 -2186089.0556   4396198.1389   4076115.1158
 -2186138.8783   4396214.7914   4076096.5028
 -2186188.4879   4396229.8873   4076076.9271
 -2186238.2715   4396245.6371   4076058.1148
 -2186288.0045   4396261.1840   4076039.2417
 -2186337.5896   4396276.9880   4076020.3268
 -2186387.1610   4396292.7400   4076001.4702
 -2186436.9777   4396308.9615   4075982.3899
 -2186487.0824   4396324.7676   4075963.4921
 -2186536.9866   4396340.6618   4075944.5203
 -2186586.6815   4396357.0398   4075925.5469
 -2186636.1619   4396372.7762   4075906.5929
 -2186686.0485   4396389.6222   4075888.1312
 -2186735.8990   4396405.3469   4075868.8812
 -2186785.7910   4396421.1346   4075849.8605
 -2186835.4870   4396436.0789   4075830.4327
 -2186885.4302   4396451.5095   4075811.0958
 -2186935.3679   4396467.5663   4075792.5555
 -2186985.2431   4396483.4398   4075773.2921
 -2187034.9569   4396499.5276   4075754.5351
 -2187084.7718   4396514.9710   4075735.1532
 -2187134.4151   4396530.8326   4075716.1245
 -2187184.1132   4396546.0763   4075696.8397
 -2187233.5698   4396561.9349   4075677.6789
 -2187283.4193   4396578.0303   4075658.9554
 -2187333.4919   4396593.9579   4075639.6472
 -2187383.5881   4396609.6613   4075620.5491
 -2187433.5020   4396625.3481   4075601.6516
 -2187483.1034   4396641.4734   4075583.0204
 -2187532.7916   4396657.1328   4075564.1175
 -2187582.2691   4396673.1184   4075545.2324
 -2187632.2034   4396689.9660   4075526.5210
 -2187682.1738   4396705.5635   4075507.5341
 -2187731.9982   4396721.4226   4075488.5167
 -2187781.1759   4396737.0087   4075469.2609
 -2187830.7872   4396752.4019   4075449.9458
 -2187880.7099   4396768.1211   4075430.9220
 -2187930.6555   4396784.2252   4075411.8016
 -2187980.2849   4396799.6806   4075392.5839
 -2188029.6739   4396815.7675   4075373.3302
 -2188079.3309   4396831.1817   4075354.3412
 -2188128.9723   4396846.8408   4075335.1480
 -2188179.0402   4396862.9995   4075316.3945
 -2188228.9124   4396879.4060   4075297.6151
 -2188278.4743   4396894.6309   4075278.0728
 -2188328.0730   4396910.7746   4075259.0276
 -2188377.9305   4396926.5498   4075240.0769
 -2188427.7341   4396943.0285   4075221.5071
 -2188477.5604   4396958.7902   4075202.2950
 -2188527.4231   4396974.4121   4075183.0693
 -2188577.1824   4396990.0262   4075163.8828
 -2188627.2054   4397005.4969   4075144.8321
 -2188677.0589   4397021.5510   4075126.1691
 -2188726.9105   4397037.3836   4075107.1749
 -2188776.7778   4397053.1721   4075088.2060
 -2188826.4188   4397068.5952   4075069.0103
 -2188876.1625   4397084.3589   4075049.8392
 -2188926.2555   4397100.4252   4075031.0911
 -2188975.8313   4397116.1463   4075011.9953
 -2189025.4365   4397131.9908   4074992.9146
 -2189075.1541   4397147.8595   4074973.9422
 -2189125.2017   4397164.0627   4074955.1095
 -2189174.8857   4397179.2347   4074936.0312
 -2189224.7470   4397194.7499   4074916.7260
 -2189274.5268   4397210.4038   4074897.3996
 -2189324.4846   4397226.3971   4074878.6283
 -2189374.0784   4397242.2210   4074859.4838
 -2189424.1245   4397258.5102   4074840.8065
 -2189473.7311   4397274.5195   4074821.7406
 -2189523.3849   4397290.3930   4074802.7531
 -2189573.2580   4397306.3535   4074783.5667
 -2189623.3075   4397322.2096   4074764.7487
 -2189673.0992   4397337.7819   4074745.4640
 -2189722.8206   4397353.8867   4074726.4831
 -2189772.5884   4397369.5307   4074707.3401
 -2189822.2823   4397385.6170   4074688.2601
 -2189872.1793   4397401.7902   4074669.2740
 -2189921.8736   4397417.7810   4074650.4290
 -2189971.5924   4397434.0030   4074631.7637
 -2190021.2585   4397449.2451   4074612.3360
 -2190071.2676   4397464.5837   4074593.1954
 -2190120.8712   4397480.6380   4074574.2412
 -2190170.3337   4397496.8154   4074555.3891
 -2190220.2745   4397512.5215   4074536.2352
 -2190269.8169   4397528.2538   4074516.9324
 -2190319.5619   4397544.4028   4074497.8545
 -2190369.4715   4397560.0265   4074478.6886
 -2190419.5687   4397576.1848   4074459.7242
 -2190469.1624   4397592.2074   4074440.6954
 -2190519.0966   4397608.0089   4074421.5746
 -2190568.9332   4397624.3555   4074402.7440
 -2190618.9376   4397640.7087   4074384.0484
 -2190668.5618   4397656.3416   4074364.8226
 -2190718.7561   4397672.7112   4074346.3969
 -2190768.5696   4397689.1871   4074327.7226
 -2190818.0183   4397705.0829   4074308.8263
 -2190867.7876   4397720.7711   4074289.7512
 -2190917.4261   4397735.9904   4074270.3964
 -2190967.0691   4397751.4660   4074251.1705
 -2191016.5299   4397767.1519   4074231.8538
 -2191066.3356   4397783.1780   4074212.8606
 -2191116.0894   4397799.1622   4074193.8978
 -2191166.1365   4397815.1861   4074175.0837
 -2191215.7676   4397830.3235   4074155.5608
 -2191265.7330   4397846.4052   4074136.5637
 -2191315.3843   4397861.5519   4074117.4124
 -2191365.1062   4397877.5162   4074098.3974
 -2191414.8966   4397893.0830   4074079.2388
 -2191464.6581   4397909.0169   4074060.1605
 -2191514.3758   4397925.3178   4074041.2417
 -2191564.2887   4397941.4658   4074022.2111
 -2191614.2396   4397957.3076   4074003.0192
 -2191664.0492   4397973.2812   4073983.7058
 -2191713.8609   4397989.6540   4073964.9316
 -2191763.8438   4398005.7695   4073946.2227
 -2191813.4124   4398021.7963   4073927.2274
 -2191862.7979   4398037.2716   4073907.8582
 -2191912.6586   4398053.4300   4073889.0490
 -2191962.3496   4398069.4325   4073870.1099
 -2192011.9428   4398085.0216   4073851.0948
 -2192061.6192   4398100.8325   4073832.1704
 -2192111.7392   4398116.7537   4073813.2037
 -2192161.4003   4398131.7543   4073793.7978
 -2192211.2484   4398148.3939   4073774.9427
 -2192261.0927   4398164.4432   4073755.7143
 -2192310.4651   4398179.9887   4073736.3688
 -2192360.3694   4398195.9929   4073717.4888
 -2192410.1385   4398212.1729   4073698.6839
 -2192459.8767   4398228.2049   4073679.6101
 -2192509.6565   4398243.2993   4073660.2165
 -2192559.0606   4398259.1785   4073641.1884
 -2192608.8657   4398275.1919   4073622.1294
 -2192658.4478   4398290.5946   4073602.8098
 -2192708.3331   4398306.7297   4073583.8454
 -2192758.3011   4398322.8628   4073565.1321
 -2192808.0742   4398339.3096   4073546.3683
 -2192857.7970   4398355.0513   4073527.2366
 -2192907.7623   4398371.3599   4073508.5574
 -2192957.5530   4398386.9636   4073489.2467
 -2193007.3534   4398403.0444   4073470.1734
 -2193056.9017   4398419.3066   4073451.4019
 -2193106.8420   4398435.1134   4073432.3640
 -2193156.5483   4398451.5940   4073413.5492
 -2193206.4537   4398466.8802   4073394.2160
 -2193256.1474   4398482.9551   4073375.4528
 -2193306.0746   4398498.6015   4073356.0571
 -2193355.7512   4398514.1328   4073336.7046
 -2193405.2953   4398529.9638   4073317.6700
 -2193454.6471   4398544.9012   4073298.0961
 -2193504.5647   4398561.0833   4073279.1427
 -2193554.4743   4398577.0643   4073260.1940
 -2193604.3734   4398592.7714   4073241.1524
 -2193654.5770   4398608.6735   4073222.1660
 -2193704.2874   4398624.8284   4073203.2310
 -2193754.0817   4398640.7280   4073183.9191
 -2193803.9252   4398656.8738   4073165.2261
 -2193853.7855   4398672.9768   4073146.4459
 -2193903.4124   4398688.7407   4073127.2587
 -2193953.3178   4398704.0759   4073108.0713
 -2194003.0536   4398719.7913   4073088.8348
 -2194052.7146   4398736.1715   4073069.9624
 -2194102.4304   4398752.0272   4073050.7731
 -2194152.2688   4398767.9812   4073031.6932
 -2194202.2428   4398783.5427   4073012.4630
 -2194251.8809   4398799.5701   4072993.6087
 -2194301.3719   4398814.5510   4072973.7844
 -2194350.8446   4398829.6817   4072954.1966
 -2194400.6415   4398845.7777   4072935.4203
 -2194450.6086   4398862.2058   4072916.7118
 -2194500.6245   4398878.2952   4072897.6971
 -2194549.9816   4398894.5024   4072878.9603
 -2194599.6587   4398910.3149   4072859.7442
 -2194649.3317   4398926.1344   4072840.8310
 -2194698.8364   4398941.3053   4072821.1532
 -2194748.7880   4398958.0264   4072802.2486
 -2194798.9995   4398974.8667   4072783.7388
 -2194848.9762   4398990.8078   4072765.0051
 -2194898.5900   4399006.6529   4072746.0202
 -2194948.1233   4399022.0318   4072726.8128
 -2194998.0228   4399038.3364   4072707.8514
 -2195047.6562   4399053.9489   4072688.5517
 -2195097.6204   4399070.2868   4072669.8416
 -2195147.7236   4399086.3512   4072650.9185
 -2195197.3254   4399102.3633   4072631.9567
 -2195247.0372   4399118.4459   4072612.8057
 -2195296.5915   4399134.2020   4072593.5695
 -2195346.3345   4399149.1931   4072573.9373
 -2195396.3976   4399165.3264   4072555.0735
 -2195445.9292   4399181.2547   4072535.9900
 -2195495.6045   4399197.3094   4072517.0570
 -2195545.3288   4399212.6306   4072497.8246
 -2195595.0186   4399228.7461   4072479.0903
 -2195644.8326   4399244.6074   4072459.8732
 -2195694.7458   4399261.1009   4072440.9192
 -2195744.6065   4399277.5850   4072422.1912
 -2195793.9780   4399292.7823   4072402.4768
 -2195843.3456   4399308.4499   4072383.3888
 -2195893.2465   4399324.6902   4072364.6754
 -2195942.7570   4399339.9213   4072345.0868
 -2195992.8015   4399356.1726   4072326.2157
 -2196042.5938   4399372.2211   4072307.2759
 -2196092.5403   4399388.6675   4072288.6403
 -2196142.3309   4399404.5110   4072269.2893
 -2196192.3286   4399420.4987   4072250.3553
 -2196241.6949   4399435.9753   4072231.0190
 -2196291.4954   4399452.1084   4072212.0750
 -2196341.1142   4399467.6989   4072192.6279
 -2196390.7745   4399483.2251   4072173.2489
 -2196440.5514   4399499.1136   4072154.4812
 -2196490.2535   4399514.9910   4072135.4285
 -2196540.0815   4399531.3688   4072116.8318
 -2196590.0009   4399547.3928   4072097.7421
 -2196639.3694   4399562.7754   4072078.3956
 -2196689.5800   4399579.5118   4072059.7870
 -2196739.4965   4399595.8814   4072040.9515
 -2196789.2381   4399611.7870   4072021.8903
 -2196839.1424   4399628.0864   4072003.2078
 -2196889.1073   4399644.5920   4071984.3829
 -2196938.8844   4399660.2207   4071965.0371
 -2196988.1710   4399675.6456   4071945.7273
 -2197037.6345   4399690.8402   4071926.1299
 -2197087.0390   4399706.4929   4071906.8476
 -2197136.5601   4399721.6148   4071887.0191
 -2197186.4243   4399737.7684   4071868.2927
 -2197236.2878   4399753.5740   4071849.1150
 -2197286.0692   4399769.8397   4071830.3387
 -2197335.8460   4399785.8625   4071811.5499
 -2197385.6901   4399801.6217   4071792.2769
 -2197435.4003   4399817.6451   4071773.1572
 -2197485.0348   4399833.5503   4071754.2346
 -2197534.6438   4399849.0196   4071734.8010
 -2197584.4816   4399865.1315   4071715.6630
 -2197633.8745   4399880.5870   4071696.0786
 -2197683.5302   4399896.1237   4071676.8131
 -2197733.7394   4399912.4759   4071658.1690
 -2197783.1465   4399927.7589   4071638.7414
 -2197833.0830   4399944.6898   4071620.4014
 -2197882.9336   4399960.9636   4071601.2781
 -2197932.6773   4399977.1114   4071582.3969
 -2197982.1482   4399992.4368   4071562.8970
 -2198031.8263   4400008.2907   4071543.7126
 -2198082.1436   4400025.0708   4071525.3258
 -2198131.8129   4400040.4680   4071505.8127
 -2198181.7601   4400056.4530   4071486.8465
 -2198231.4380   4400072.3553   4071467.8213
 -2198281.1075   4400088.6474   4071449.0771
 -2198331.0406   4400105.1781   4071430.3958
 -2198380.8053   4400120.6883   4071411.0872
 -2198430.5837   4400136.6359   4071391.8538
 -2198479.9674   4400151.8056   4071372.4854
 -2198529.4435   4400167.4205   4071352.9371
 -2198579.0589   4400183.0325   4071333.5322
 -2198628.8912   4400199.0991   4071314.5987
 -2198678.6820   4400214.8616   4071295.3908
 -2198728.5496   4400231.1077   4071276.4299
 -2198778.1951   4400246.9512   4071257.3308
 -2198827.9295   4400262.5961   4071238.0855
 -2198877.8642   4400278.6381   4071219.1022
 -2198927.6258   4400294.8941   4071200.3144
 -2198977.6275   4400311.7189   4071181.7279
 -2199027.1684   4400327.8715   4071162.6013
 -2199076.9608   4400344.2238   4071143.9137
 -2199126.7024   4400359.7819   4071124.7072
 -2199176.5079   4400376.0421   4071105.7606
 -2199226.1603   4400391.6113   4071086.6031
 -2199275.7601   4400407.3024   4071067.3424
 -2199325.6207   4400423.2908   4071048.4469
 -2199375.4790   4400439.2981   4071029.3886
 -2199425.0153   4400454.3659   4071009.6618
 -2199475.0476   4400470.3416   4070990.6285
 -2199524.7703   4400486.4548   4070971.6504
 -2199574.3116   4400502.4636   4070952.7714
 -2199624.2254   4400518.5117   4070933.5940
 -2199674.0407   4400534.5122   4070914.3942
 -2199723.5396   4400550.0014   4070895.0600
 -2199773.3765   4400565.6826   4070875.8707
 -2199823.1255   4400581.9052   4070856.9176
 -2199872.8271   4400597.4552   4070837.8206
 -2199922.3582   4400613.1638   4070818.4547
 -2199971.9523   4400628.9317   4070799.3707
 -2200021.6213   4400645.1246   4070780.3612
 -2200071.3798   4400661.5125   4070761.5031
 -2200121.2858   4400677.5520   4070742.4620
 -2200171.2246   4400693.8770   4070723.7458
 -2200221.0949   4400709.8368   4070704.5900
 -2200270.9040   4400725.5703   4070685.4685
 -2200320.6827   4400741.5283   4070666.5539
 -2200370.2763   4400757.2872   4070647.0323
 -2200419.9428   4400773.1413   4070627.7859
 -2200469.4224   4400788.6535   4070608.3708
 -2200519.2112   4400804.8401   4070589.4996
 -2200568.9148   4400820.4214   4070570.2860
 -2200618.6754   4400836.6137   4070551.2145
 -2200668.3471   4400852.2547   4070532.0514
 -2200718.0188   4400868.0858   4070512.8263
 -2200767.9060   4400884.1734   4070493.8852
 -2200817.5862   4400900.0754   4070474.9270
 -2200867.2229   4400916.0856   4070455.7031
 -2200917.2130   4400932.2862   4070436.7682
 -2200966.8506   4400947.9157   4070417.4828
 -2201016.8031   4400964.1160   4070398.5169
 -2201066.6310   4400979.7839   4070379.2953
 -2201116.3162   4400995.7022   4070360.1850
 -2201165.8147   4401011.8225   4070341.1624
 -2201215.4476   4401027.8044   4070321.8869
 -2201265.3959   4401043.8817   4070303.0699
 -2201314.9005   4401059.4661   4070283.8168
 -2201364.6359   4401075.8355   4070264.7577
 -2201414.4398   4401091.7726   4070245.5667
 -2201464.1588   4401107.2207   4070226.3431
 -2201514.0763   4401123.1916   4070207.4393
 -2201563.8911   4401139.1769   4070188.3949
 -2201613.4915   4401154.8469   4070169.2187
 -2201663.3230   4401171.0623   4070150.1775
 -2201713.1170   4401187.4728   4070131.2624
 -2201762.7414   4401203.0502   4070111.9821
 -2201812.2511   4401218.7790   4070092.6407
 -2201861.8202   4401234.5078   4070073.3792
 -2201911.2383   4401250.0010   4070054.1807
 -2201960.9462   4401265.7811   4070035.0820
 -2202010.7663   4401281.6940   4070015.6364
 -2202060.2931   4401297.4765   4069996.1605
 -2202110.1336   4401313.8793   4069977.6093
 -2202160.1220   4401330.2824   4069958.8157
 -2202210.1618   4401346.6285   4069940.1029
 -2202259.9856   4401362.4223   4069920.9487
 -2202309.7241   4401378.3381   4069901.8306
 -2202359.3172   4401394.0611   4069882.7441
 -2202409.0268   4401409.8399   4069863.3587
 -2202458.5549   4401425.4258   4069844.2549
 -2202508.0050   4401440.7574   4069824.7074
 -2202557.8184   4401456.9734   4069805.8573
 -2202607.6167   4401473.2969   4069786.8979
 -2202657.3368   4401489.3886   4069767.8526
 -2202707.0856   4401505.1371   4069748.4393
 -2202756.7339   4401520.9862   4069729.0715
 -2202806.5528   4401537.0411   4069709.8391
 -2202856.3960   4401553.4359   4069691.1943
 -2202906.1187   4401569.0988   4069671.8748
 -2202956.1449   4401585.4283   4069653.1028
 -2203005.8362   4401601.3317   4069634.0200
 -2203055.2277   4401616.8737   4069614.6693
 -2203105.1337   4401632.8595   4069595.8502
 -2203154.9831   4401648.9248   4069576.9703
 -2203204.4333   4401664.8655   4069557.7997
 -2203253.9704   4401679.9899   4069537.9893
 -2203303.8690   4401696.0987   4069518.9912
 -2203353.4543   4401712.0119   4069499.6769
 -2203402.9645   4401727.7092   4069480.5171
 -2203452.5546   4401743.5086   4069461.0448
 -2203502.2131   4401759.1188   4069441.6029
 -2203552.1609   4401775.4321   4069422.7799
 -2203601.9454   4401791.1845   4069403.9554
 -2203651.3395   4401806.7472   4069384.8894
 -2203700.7586   4401822.3191   4069365.3905
 -2203750.4740   4401838.2843   4069346.0903
 -2203800.8298   4401854.9610   4069327.2780
 -2203850.6086   4401871.3395   4069308.3450
 -2203900.4343   4401887.4050   4069289.2489
 -2203950.6258   4401903.5671   4069270.5166
 -2204000.3627   4401919.3798   4069251.2528
 -2204049.8174   4401934.8658   4069232.0334
 -2204099.2446   4401950.6886   4069212.9046
 -2204149.0953   4401966.6059   4069193.6128
 -2204198.9518   4401982.7228   4069174.3067
 -2204248.1577   4401997.9093   4069154.6069
 -2204298.1116   4402013.9333   4069135.4334
 -2204347.4643   4402029.9332   4069116.3886
 -2204397.3376   4402046.1980   4069097.6589
 -2204447.1075   4402062.4016   4069078.7414
 -2204496.5579   4402078.2653   4069059.6323
 -2204546.3486   4402094.1911   4069040.6115
 -2204596.0603   4402109.8246   4069021.0658
 -2204645.5532   4402125.9546   4069001.8409
 -2204695.6383   4402141.8716   4068982.8642
 -2204745.6954   4402157.9487   4068963.8140
 -2204795.5709   4402174.2234   4068944.9875
 -2204845.2153   4402190.0414   4068925.9325
 -2204894.6555   4402206.0200   4068906.6928
 -2204944.6805   4402221.6815   4068887.4799
 -2204994.1521   4402237.4873   4068868.3250
 -2205043.3101   4402252.5187   4068848.5751
 -2205093.0917   4402268.7517   4068829.5148
 -2205143.0371   4402285.3678   4068810.6390
 -2205192.9219   4402301.2806   4068791.7776
 -2205242.5539   4402317.0592   4068772.4143
 -2205292.4779   4402333.2760   4068753.4239
 -2205342.2239   4402349.3591   4068734.6489
 -2205392.2908   4402365.6278   4068715.5234
 -2205441.9317   4402381.4709   4068696.5571
 -2205491.4636   4402397.2766   4068676.9942
 -2205541.1178   4402413.1237   4068657.9220
 -2205590.5720   4402428.6948   4068638.5962
 -2205640.2017   4402444.7820   4068619.4912
 -2205690.2312   4402460.7836   4068600.3495
 -2205739.9995   4402476.5262   4068581.1123
 -2205789.7180   4402492.4664   4068562.0563
 -2205839.2820   4402508.3288   4068542.5405
 -2205889.2731   4402524.5905   4068523.6286
 -2205938.7672   4402540.2060   4068504.8597
 -2205988.3953   4402555.9942   4068485.3701
 -2206037.9711   4402572.0997   4068466.2248
 -2206087.2739   4402587.6217   4068446.8717
 -2206137.0186   4402603.6617   4068427.7156
 -2206186.5499   4402619.3509   4068408.1818
 -2206236.1915   4402635.4142   4068389.0573
 -2206286.0661   4402651.4996   4068369.8831
 -2206336.0296   4402667.4415   4068350.8999
 -2206385.9272   4402683.4288   4068331.7697
 -2206435.8569   4402699.4362   4068312.8752
 -2206485.4224   4402715.4589   4068293.7454
 -2206535.0284   4402731.5634   4068274.7793
 -2206584.6849   4402747.2139   4068255.4864
 -2206634.4541   4402763.2206   4068236.0491
 -2206684.2873   4402779.3181   4068217.0778
 -2206734.1395   4402795.2390   4068197.7743
 -2206783.5212   4402810.7995   4068178.6715
 -2206833.1848   4402826.8852   4068159.5126
 -2206883.1176   4402842.7937   4068140.4863
 -2206932.7918   4402858.8236   4068121.6146
 -2206982.4424   4402874.7582   4068102.2009
 -2207031.9826   4402890.8739   4068083.1077
 -2207081.5449   4402906.8350   4068063.8185
 -2207131.6218   4402922.7586   4068044.8860
 -2207181.4361   4402938.7285   4068025.8429
 -2207231.0291   4402954.2988   4068006.2399
 -2207281.2258   4402970.6272   4067987.6951
 -2207331.0266   4402986.3728   4067968.2318
 -2207380.5954   4403002.5014   4067949.0965
 -2207429.8832   4403018.0431   4067929.6913
 -2207479.4227   4403033.6355   4067910.3340
 -2207528.7034   4403049.8634   4067891.2920
 -2207578.4435   4403065.6471   4067871.9685
 -2207628.1987   4403081.7692   4067852.8919
 -2207678.0366   4403097.5706   4067833.5563
 -2207727.9106   4403113.4931   4067814.4011
 -2207777.3470   4403128.9689   4067794.9336
 -2207827.2399   4403145.0645   4067775.8293
 -2207877.0018   4403161.2850   4067757.0392
 -2207926.7541   4403177.1602   4067738.0017
 -2207976.3990   4403193.1224   4067718.9999
 -2208026.1446   4403209.0252   4067699.8378
 -2208076.0709   4403225.2105   4067680.6996
 -2208125.7064   4403241.5103   4067661.8335
 -2208175.3659   4403256.9745   4067642.3015
 -2208225.0114   4403272.7682   4067622.6578
 -2208275.1239   4403289.1383   4067603.7796
 -2208324.9381   4403305.2312   4067584.8249
 -2208374.4458   4403321.3220   4067565.7344
 -2208424.2104   4403337.3260   4067546.6067
 -2208473.7936   4403353.2810   4067527.4891
 -2208523.2400   4403368.7099   4067508.2710
 -2208572.7867   4403384.2066   4067489.1349
 -2208622.4182   4403399.9887   4067469.7893
 -2208672.4374   4403416.2394   4067450.6662
 -2208722.2397   4403432.3978   4067431.8507
 -2208772.0240   4403448.5082   4067412.8652
 -2208821.8144   4403464.8335   4067394.1245
 -2208871.5966   4403480.4569   4067374.0645
 -2208921.0723   4403496.5669   4067354.8410
 -2208970.8402   4403512.5838   4067335.8816
 -2209020.8073   4403528.4978   4067316.6305
 -2209070.4105   4403544.2324   4067297.1481
 -2209119.8296   4403560.0487   4067278.0689
 -2209169.5250   4403575.9248   4067258.9084
 -2209219.1620   4403591.7355   4067239.9029
 -2209268.7665   4403607.7978   4067220.6972
 -2209318.3750   4403623.5914   4067201.4583
 -2209367.8648   4403639.4084   4067182.1723
 -2209417.8102   4403655.3915   4067162.8282
 -2209467.7103   4403671.4299   4067143.8035
 -2209517.1297   4403687.1861   4067124.4819
 -2209566.7399   4403703.1559   4067105.4196
 -2209616.5349   4403719.3381   4067086.3309
 -2209666.2459   4403735.0708   4067067.1150
 -2209715.9453   4403751.1204   4067047.9753
 -2209765.8279   4403767.0390   4067028.9071
 -2209815.5768   4403783.1325   4067009.5411
 -2209865.3223   4403799.0776   4066990.1807
 -2209915.1597   4403815.4364   4066971.4860
 -2209964.7462   4403831.4486   4066952.2886
 -2210014.5810   4403847.3960   4066933.2726
 -2210064.1205   4403862.9765   4066913.8444
 -2210113.7131   4403878.9542   4066894.7393
 -2210163.6335   4403894.8197   4066875.5236
 -2210213.1915   4403910.9127   4066856.4688
 -2210262.5458   4403926.5467   4066837.1551
 -2210312.0748   4403942.1830   4066817.6420
 -2210361.7575   4403958.2918   4066798.5691
 -2210411.4923   4403974.2746   4066779.2903
 -2210461.4679   4403990.1067   4066760.1849
 -2210511.3006   4404006.1737   4066741.1322
 -2210560.8033   4404021.8798   4066721.5581
 -2210610.5711   4404037.8704   4066702.2415
 -2210660.2087   4404053.8883   4066683.2256
 -2210710.0854   4404070.0047   4066664.3021
 -2210759.4909   4404085.8968   4066645.0203
 -2210808.9634   4404101.7156   4066625.5894
 -2210859.1071   4404117.8062   4066606.5163
 -2210908.7060   4404133.8133   4066587.5460
 -2210958.3856   4404149.7505   4066568.1853
 -2211008.1579   4404165.8211   4066549.1580
 -2211057.5588   4404181.5262   4066529.8778
 -2211107.2043   4404197.3800   4066510.5678
 -2211157.0504   4404213.3452   4066491.4413
 -2211206.9034   4404229.1757   4066472.2390
 -2211256.3233   4404244.9755   4066453.2539
 -2211306.1343   4404261.1190   4066434.0019
 -2211356.0687   4404277.7071   4066415.1223
 -2211406.0409   4404293.5348   4066396.0145
 -2211455.8459   4404309.3434   4066376.9052
 -2211505.3653   4404324.7905   4066357.2861
 -2211554.8107   4404340.8894   4066338.1021
 -2211604.1672   4404356.7016   4066318.5019
 -2211653.9822   4404372.7385   4066299.2084
 -2211703.7372   4404388.6081   4066279.8956
 -2211753.4185   4404404.4580   4066260.8558
 -2211803.2860   4404420.8860   4066241.9282
 -2211852.7049   4404436.6280   4066222.5188
 -2211902.5196   4404452.6440   4066203.3230
 -2211952.3525   4404468.3074   4066184.0640
 -2212002.2470   4404484.3042   4066165.2794
 -2212051.6522   4404500.2821   4066145.9740
 -2212101.4173   4404516.2210   4066126.6662
 -2212150.7580   4404531.8943   4066107.3586
 -2212200.4762   4404548.0895   4066088.5892
 -2212250.3150   4404564.0473   4066069.1299
 -2212300.0806   4404580.0138   4066049.8515
 -2212349.5352   4404595.9076   4066030.6354
 -2212399.2420   4404612.1154   4066011.7416
 -2212449.2860   4404627.8614   4065992.3408
 -2212498.9730   4404644.0296   4065973.3138
 -2212548.3891   4404659.6482   4065954.0410
 -2212597.7391   4404675.3449   4065934.6722
 -2212647.6880   4404691.4706   4065915.4792
 -2212697.8589   4404708.2623   4065896.8713
 -2212747.8234   4404724.1010   4065877.5859
 -2212797.4551   4404739.9807   4065858.3203
 -2212846.8794   4404755.8219   4065839.0665
 -2212896.6670   4404771.4612   4065819.6366
 -2212946.2628   4404787.3372   4065800.3437
 -2212995.6419   4404803.1812   4065781.1109
 -2213045.1365   4404818.7370   4065761.4276
 -2213094.6657   4404834.5222   4065742.1068
 -2213144.3447   4404850.3193   4065722.9340
 -2213194.2520   4404866.5285   4065703.9093
 -2213244.0865   4404882.6046   4065685.0159
 -2213293.8664   4404898.7955   4065665.7586
 -2213343.5228   4404914.7389   4065646.6959
 -2213393.1673   4404930.7358   4065627.4478
 -2213442.9711   4404946.5679   4065608.0627
 -2213492.4496   4404962.3457   4065589.2122
 -2213542.2356   4404978.4666   4065569.9841
 -2213592.1328   4404994.6571   4065551.1286
 -2213641.8855   4405010.7838   4065531.6312
 -2213691.4010   4405026.8884   4065512.5555
 -2213741.2114   4405042.9667   4065493.5819
 -2213790.9447   4405058.7537   4065474.2659
 -2213840.5940   4405074.6622   4065455.1441
 -2213890.3872   4405090.6987   4065435.7709
 -2213939.9234   4405106.4470   4065416.4236
 -2213989.4935   4405122.2701   4065397.1776
 -2214039.2505   4405138.4547   4065378.1180
 -2214088.9912   4405154.3210   4065359.0065
 -2214139.0184   4405170.4360   4065339.8919
 -2214188.5204   4405186.3102   4065320.6425
 -2214237.9300   4405202.2389   4065301.3276
 -2214287.8248   4405218.1667   4065282.0785
 -2214337.3067   4405234.1268   4065262.7037
 -2214386.7370   4405250.2382   4065243.4447
 -2214436.3070   4405266.0176   4065224.3410
 -2214485.7549   4405281.7675   4065204.8933
 -2214535.5780   4405297.8798   4065185.8239
 -2214585.4450   4405313.6044   4065166.1489
 -2214635.0613   4405329.6434   4065146.9623
 -2214684.7436   4405345.3510   4065127.7752
 -2214734.7663   4405361.2878   4065108.5341
 -2214784.3419   4405377.6147   4065089.5691
 -2214834.1112   4405393.3834   4065070.3089
 -2214883.9543   4405409.4161   4065051.4080
 -2214933.2491   4405425.2599   4065032.1995
 -2214982.7676   4405441.2373   4065013.0199
 -2215032.4784   4405457.3493   4064993.9458
 -2215082.0052   4405473.1509   4064974.4060
 -2215132.0442   4405489.0346   4064954.8658
 -2215181.9845   4405505.1882   4064935.7835
 -2215231.8068   4405521.2303   4064916.3597
 -2215281.2649   4405537.2036   4064897.1621
 -2215330.7838   4405553.1125   4064878.2398
 -2215380.3451   4405568.7597   4064858.8470
 -2215429.9634   4405584.6304   4064839.7897
 -2215479.3599   4405600.7297   4064820.6869
 -2215528.8798   4405616.7701   4064801.2661
 -2215578.6972   4405632.7105   4064782.1246
 -2215628.4811   4405648.6563   4064762.8873
 -2215678.3606   4405664.6126   4064743.8129
 -2215728.2411   4405680.8490   4064724.6600
 -2215777.8545   4405696.6394   4064705.3169
 -2215827.6669   4405712.5545   4064686.0441
 -2215877.5762   4405728.5775   4064666.6818
 -2215927.0831   4405744.5743   4064647.3970
 -2215976.8911   4405760.4881   4064628.1073
 -2216026.6549   4405776.4194   4064608.9010
 -2216076.0745   4405792.3401   4064589.7659
 -2216125.4435   4405808.0880   4064570.4735
 -2216175.0559   4405823.8935   4064551.3224
 -2216224.7861   4405840.0289   4064532.1086
 -2216274.6143   4405855.9500   4064512.8752
 -2216324.5377   4405871.9487   4064493.6913
 -2216374.3299   4405887.7948   4064474.6329
 -2216423.9614   4405903.5167   4064455.1782
 -2216473.5360   4405919.7402   4064436.2327
 -2216523.0548   4405935.8605   4064417.1579
 -2216572.4998   4405951.8665   4064397.9354
 -2216622.3386   4405967.7936   4064378.7511
 -2216672.1301   4405983.6755   4064359.4138
 -2216721.6296   4405999.7706   4064339.8591
 -2216771.1062   4406015.6326   4064320.6334
 -2216820.7642   4406031.4003   4064301.3056
 -2216870.6774   4406047.6141   4064281.8548
 -2216920.1095   4406063.2416   4064262.7375
 -2216970.1305   4406079.3270   4064243.6813
 -2217019.9741   4406095.3892   4064224.4010
 -2217069.2548   4406111.1590   4064205.0243
 -2217118.6852   4406127.0536   4064185.8202
 -2217168.3446   4406142.7288   4064166.4209
 -2217218.1086   4406158.8171   4064147.4414
 -2217267.6137   4406174.5541   4064127.8458
 -2217317.5535   4406190.6211   4064108.4887
 -2217367.0857   4406206.6321   4064089.3442
 -2217417.0399   4406223.0273   4064070.5196
 -2217466.7803   4406239.1431   4064051.2658
 -2217516.2907   4406255.1365   4064031.9365
 -2217566.2255   4406271.0805   4064012.8662
 -2217616.1893   4406286.8403   4063993.6055
 -2217665.6071   4406302.9667   4063974.4910
 -2217714.9306   4406318.7023   4063955.2078
 -2217764.3842   4406334.2915   4063935.6518
 -2217814.0096   4406350.3578   4063916.4029
 -2217863.8600   4406366.4338   4063897.1247
 -2217913.6085   4406382.3668   4063878.0060
 -2217963.3780   4406398.2715   4063858.5387
 -2218013.2651   4406414.6543   4063839.4719
 -2218063.2542   4406430.9155   4063820.3296
 -2218112.9236   4406446.6075   4063801.2881
 -2218162.6662   4406462.5122   4063782.1663
 -2218212.2425   4406478.4946   4063762.8873
 -2218261.6109   4406494.3432   4063743.6495
 -2218311.2809   4406510.2404   4063724.3831
 -2218360.7447   4406525.9514   4063705.0826
 -2218410.3180   4406541.6171   4063685.7174
 -2218459.6820   4406557.7627   4063666.4156
 -2218509.3131   4406573.8185   4063647.2906
 -2218559.2116   4406589.7439   4063627.8885
 -2218608.8439   4406606.0648   4063608.7161
 -2218658.5452   4406621.8877   4063589.4510
 -2218708.4904   4406637.9719   4063570.3458
 -2218758.0017   4406653.9696   4063550.9719
 -2218807.8859   4406669.8999   4063531.8460
 -2218857.5059   4406685.5783   4063512.3777
 -2218906.8925   4406701.5833   4063493.2931
 -2218956.5457   4406717.6998   4063474.3051
 -2219006.1485   4406733.3363   4063454.7552
 -2219056.2135   4406749.4654   4063435.5241
 -2219105.9348   4406765.4960   4063416.2988
 -2219155.6024   4406781.7167   4063396.8840
 -2219204.8975   4406797.4677   4063377.5037
 -2219254.7810   4406813.5074   4063358.4531
 -2219304.5906   4406829.4844   4063339.4562
 -2219354.5687   4406845.2802   4063320.2703
 -2219404.0878   4406861.3294   4063300.8148
 -2219453.7478   4406877.4777   4063281.5366
 -2219503.0769   4406893.0501   4063261.9865
 -2219552.8564   4406908.8702   4063242.9286
 -2219602.3164   4406925.0951   4063223.7550
 -2219652.0027   4406941.1404   4063204.4192
 -2219701.6163   4406957.1692   4063185.4005
 -2219751.2145   4406973.0581   4063166.2280
 -2219800.8805   4406988.8458   4063146.6914
 -2219850.4381   4407004.6025   4063127.1642
 -2219899.9709   4407020.4832   4063107.9739
 -2219949.6990   4407036.6380   4063088.8137
 -2219999.4435   4407052.6016   4063069.6038
 -2220048.9195   4407068.7647   4063050.6654
 -2220098.4885   4407084.7087   4063031.3748
 -2220148.0536   4407100.5583   4063011.9895
 -2220198.0669   4407116.7089   4062992.7111
 -2220247.8167   4407132.4742   4062973.4091
 -2220297.4709   4407148.4855   4062954.1526
 -2220347.1626   4407164.4814   4062934.7664
 -2220396.7870   4407180.5898   4062915.3692
 -2220446.6049   4407196.5705   4062896.2614
 -2220496.3320   4407212.5434   4062876.8920
 -2220546.0357   4407228.6678   4062857.9303
 -2220595.6804   4407244.4091   4062838.6229
 -2220645.0738   4407260.2012   4062819.2006
 -2220694.5456   4407276.3373   4062799.8423
 -2220744.1479   4407292.2275   4062780.7462
 -2220793.9893   4407308.0769   4062761.4599
 -2220843.9480   4407324.2137   4062742.1260
 -2220893.6311   4407340.3609   4062722.9982
 -2220942.9791   4407356.1029   4062703.7442
 -2220992.4370   4407372.0250   4062684.4696
 -2221042.0524   4407387.7778   4062665.0128
 -2221092.0620   4407403.8031   4062645.7276
 -2221141.5738   4407419.7762   4062626.6366
 -2221191.2816   4407435.9394   4062607.4225
 -2221241.1154   4407452.1024   4062588.2976
 -2221290.8601   4407468.1896   4062568.9701
 -2221340.5048   4407483.9435   4062549.4915
 -2221390.0202   4407500.1538   4062530.5094
 -2221439.4439   4407515.8299   4062511.0625
 -2221489.1449   4407531.7552   4062491.8259
 -2221539.0004   4407547.6823   4062472.3555
 -2221588.6220   4407563.4459   4062452.8444
 -2221638.2944   4407579.5030   4062433.7021
 -2221687.6612   4407595.4463   4062414.5111
 -2221737.2158   4407611.2188   4062395.1135
 -2221786.5458   4407627.0265   4062375.7219
 -2221836.3506   4407643.1240   4062356.6328
 -2221886.4456   4407659.2058   4062337.2388
 -2221936.1360   4407675.4143   4062318.2977
 -2221985.5649   4407691.2066   4062298.9045
 -2222035.4221   4407707.0623   4062279.7265
 -2222085.0535   4407723.0980   4062260.5139
 -2222134.7634   4407739.0797   4062241.1099
 -2222184.2669   4407755.0060   4062221.9682
 -2222234.2187   4407771.2545   4062202.7606
 -2222284.1047   4407787.2792   4062183.4324
 -2222333.7185   4407803.3031   4062163.8986
 -2222383.1305   4407818.9207   4062144.4939
 -2222432.6944   4407834.8777   4062125.2298
EOF