 -2180214.2748   4394323.2906   4078354.2388
 -2180214.8033   4394323.8020   4078354.0935
 -2180213.7126   4394322.8100   4078353.1655
 -2180214.5637   4394324.2589   4078355.0625
 -2180214.6108   4394325.4614   4078356.1664
 -2180214.6063   4394324.1152   4078354.4846
 -2180214.1932   4394324.1546   4078355.0167
 -2180214.9438   4394323.4223   4078353.1916
 -2180215.8393   4394323.6430   4078352.9908
 -2180215.4216   4394323.8821   4078352.7982
 -2180216.1142   4394323.4773   4078351.6780
 -2180217.1730   4394324.3846   4078351.1866
 -2180216.9186   4394325.0712   4078352.8551
 -2180217.1794   4394324.8975   4078352.2912
 -2180216.7454   4394324.3864   4078352.3888
 -2180216.8822   4394325.4959   4078352.8524
 -2180217.6881   4394324.8603   4078352.9258
 -2180217.4762   4394326.5277   4078353.3884
 -2180217.6799   4394326.9319   4078353.5804
 -2180218.1899   4394327.1977   4078354.2071
 -2180219.0858   4394327.1179   4078352.8581
 -2180218.8537   4394326.0605   4078352.4240
 -2180219.3038   4394324.7401   4078350.3076
 -2180219.1642   4394325.3726   4078351.9133
 -2180219.4650   4394326.2961   4078352.4793
 -2180219.0682   4394324.2782   4078350.7598
 -2180218.6780   4394323.6802   4078350.8485
 -2180219.1187   4394325.1203   4078351.6322
 -2180219.1490   4394326.0198   4078352.0309
 -2180219.4753   4394325.4565   4078351.8551
 -2180219.7648   4394326.6513   4078351.2063
 -2180219.4554   4394326.2920   4078351.3966
 -2180218.6571   4394325.7686   4078352.3634
 -2180219.5374   4394324.0000   4078350.8972
 -2180219.3608   4394323.1702   4078349.5788
 -2180220.1549   4394324.3295   4078350.1550
 -2180220.1361   4394324.1294   4078349.8901
 -2180220.2586   4394324.4650   4078349.6749
 -2180220.0511   4394324.1453   4078350.2903
 -2180219.9793   4394323.4788   4078349.5892
 -2180220.0844   4394324.1870   4078349.3977
 -2180220.5345   4394324.1954   4078349.8144
 -2180221.2914   4394325.5211   4078350.7643
 -2180222.0493   4394326.7930   4078351.4461
 -2180221.2748   4394324.4253   4078349.6265
 -2180221.5260   4394323.3996   4078348.9212
 -2180221.6178   4394324.4012   4078349.1008
 -2180221.4789   4394323.2087   4078348.2991
 -2180221.3976   4394321.9766   4078347.3136
 -2180221.7864   4394322.2161   4078347.2820
 -2180221.6460   4394321.0310   4078346.2832
 -2180222.0575   4394322.5611   4078347.0007
 -2180222.5101   4394324.7848   4078348.7240
 -2180223.0817   4394325.0737   4078348.3729
 -2180223.5308   4394324.0450   4078347.1539
 -2180223.4653   4394325.1166   4078347.9432
 -2180222.9097   4394324.6214   4078348.1463
 -2180224.0461   4394325.5747   4078348.2751
 -2180224.8703   4394327.0541   4078349.3089
 -2180224.4780   4394325.7689   4078347.8403
 -2180224.5497   4394326.8564   4078348.3887
 -2180224.5936   4394327.2053   4078348.7492
 -2180225.1163   4394326.5310   4078348.0477
 -2180225.1256   4394326.7927   4078348.0322
 -2180225.7866   4394327.8790   4078348.7353
 -2180226.2819   4394328.0244   4078348.2190
 -2180226.4086   4394327.7710   4078348.3298
 -2180226.3886   4394328.3280   4078348.7071
 -2180225.8141   4394327.0617   4078348.0734
 -2180226.2730   4394326.3089   4078347.8053
 -2180226.3887   4394326.5408   4078347.9334
 -2180226.7772   4394328.6927   4078348.9449
 -2180226.9948   4394328.0541   4078348.3151
 -2180227.1886   4394328.5753   4078348.4818
 -2180227.4355   4394329.1403   4078348.5213
 -2180227.3400   4394328.9949   4078348.9573
 -2180227.7126   4394329.0247   4078349.0073
 -2180228.1826   4394329.4914   4078348.5401
 -2180228.4490   4394329.4870   4078348.6522
 -2180227.9863   4394327.7966   4078347.9850
 -2180228.4463   4394327.0362   4078347.9850
 -2180228.1974   4394327.0604   4078347.6011
 -2180228.7812   4394328.1886   4078348.2445
 -2180228.7497   4394328.8656   4078348.1434
 -2180229.1082   4394328.7066   4078348.3579
 -2180229.1463   4394328.1592   4078347.6727
 -2180228.9851   4394327.7024   4078347.4289
 -2180229.3827   4394328.0437   4078347.2001
 -2180229.7127   4394326.9471   4078346.8368
 -2180230.0592   4394327.5121   4078347.1121
 -2180229.4558   4394327.5568   4078346.5384
 -2180229.7799   4394325.9541   4078345.8053
 -2180229.8608   4394326.3160   4078346.3494
 -2180230.6032   4394326.4497   4078346.0632
 -2180231.2900   4394326.8525   4078346.3541
 -2180230.9063   4394327.7739   4078346.6405
 -2180231.0878   4394327.2067   4078346.6338
 -2180231.2287   4394326.2424   4078345.6101
 -2180231.5458   4394326.1324   4078345.2930
 -2180231.5453   4394326.3729   4078345.4475
 -2180232.1388   4394326.5824   4078345.3864
 -2180233.0677   4394328.0432   4078346.2335
 -2180233.4337   4394328.2400   4078346.0966
 -2180233.1327   4394327.9999   4078345.7952
 -2180233.6152   4394328.2429   4078345.8056
 -2180233.4091   4394327.9873   4078345.6715
 -2180233.7614   4394328.0574   4078345.4323
 -2180233.6471   4394328.0099   4078345.1366
 -2180234.5350   4394328.8252   4078345.9295
 -2180235.0564   4394329.7647   4078345.9938
 -2180234.7248   4394328.5508   4078345.3868
 -2180234.9204   4394329.2889   4078346.0516
 -2180235.2647   4394328.4293   4078345.1383
 -2180235.6889   4394328.5899   4078344.9173
 -2180235.6345   4394329.8802   4078345.3745
 -2180235.7236   4394330.0621   4078345.6327
 -2180236.3805   4394329.5489   4078345.7211
 -2180236.5441   4394330.2383   4078345.5897
 -2180236.4254   4394329.4106   4078345.1708
 -2180236.5874   4394330.3333   4078344.7914
 -2180236.7789   4394329.9155   4078344.9906
 -2180237.0071   4394329.9996   4078345.2033
 -2180237.2407   4394330.5997   4078345.4673
 -2180237.2116   4394330.2969   4078345.5721
 -2180237.4365   4394329.8716   4078344.8753
 -2180237.5970   4394329.7264   4078344.1675
 -2180237.8120   4394330.8093   4078344.4797
 -2180237.6865   4394329.4093   4078343.4782
 -2180238.3477   4394330.8548   4078344.6940
 -2180238.7533   4394331.5388   4078345.1910
 -2180238.4108   4394330.8989   4078344.3054
 -2180238.5962   4394331.2009   4078344.4175
 -2180238.8642   4394332.3142   4078344.9598
 -2180238.9006   4394331.7987   4078344.4327
 -2180238.9023   4394330.4032   4078343.6299
 -2180239.2357   4394331.8307   4078344.5479
 -2180239.7549   4394332.9579   4078344.4925
 -2180239.6718   4394333.1059   4078344.5129
 -2180240.1154   4394333.4924   4078344.5010
 -2180239.8025   4394332.5104   4078344.1698
 -2180239.5923   4394332.0724   4078343.8674
 -2180239.7848   4394331.9041   4078343.6728
 -2180240.0008   4394332.0335   4078343.4433
 -2180240.6496   4394332.5995   4078343.6838
 -2180240.5572   4394332.3571   4078343.4843
 -2180240.5385   4394330.9641   4078342.6806
 -2180241.0702   4394331.9693   4078343.4056
 -2180240.2191   4394330.3684   4078342.5783
 -2180241.5502   4394331.9401   4078343.4272
 -2180241.6083   4394331.9961   4078343.0101
 -2180241.9336   4394332.1140   4078342.7988
 -2180242.1857   4394332.3903   4078343.3902
 -2180241.6517   4394331.6947   4078342.8164
 -2180242.1526   4394332.2298   4078342.8444
 -2180243.0665   4394332.1946   4078343.2416
 -2180242.5910   4394331.0103   4078341.8973
 -2180242.7754   4394330.8229   4078341.5807
 -2180242.8490   4394330.8378   4078341.8333
 -2180242.7262   4394331.1839   4078341.9255
 -2180243.4503   4394330.8716   4078341.7582
 -2180243.8059   4394331.7196   4078342.3020
 -2180244.2457   4394331.0393   4078341.7687
 -2180244.3148   4394332.1143   4078342.1689
 -2180244.8354   4394332.6192   4078342.3369
 -2180244.3010   4394331.0125   4078341.5876
 -2180245.4287   4394332.3043   4078342.4528
 -2180244.8918   4394331.6885   4078342.0737
 -2180244.8959   4394331.5505   4078341.7043
 -2180245.4882   4394332.0170   4078341.8744
 -2180245.4091   4394332.1824   4078341.6458
 -2180245.4726   4394332.7642   4078341.8434
 -2180245.0320   4394331.1954   4078340.8149
 -2180245.8105   4394331.0462   4078340.6951
 -2180246.0047   4394331.4360   4078341.0063
 -2180245.7907   4394330.7156   4078340.3369
 -2180246.3277   4394332.6944   4078341.7265
 -2180246.0817   4394332.7621   4078341.5727
 -2180246.0296   4394331.2735   4078340.4005
 -2180245.5181   4394330.9472   4078340.0241
 -2180246.0996   4394331.5414   4078340.2785
 -2180246.6109   4394331.5621   4078340.2147
 -2180247.3079   4394332.7623   4078341.3965
 -2180247.2796   4394332.6923   4078341.0948
 -2180247.4871   4394332.5184   4078340.9684
 -2180248.1282   4394332.7758   4078341.0115
 -2180248.3519   4394334.0825   4078341.4672
 -2180247.5956   4394332.8796   4078340.6505
 -2180247.6771   4394332.4673   4078340.2594
 -2180247.8256   4394332.4652   4078340.0230
 -2180249.0841   4394333.1212   4078340.6871
 -2180249.0812   4394332.6515   4078340.1402
 -2180249.3903   4394333.1897   4078340.1661
 -2180248.8330   4394331.8987   4078339.6501
 -2180249.0013   4394331.6062   4078339.0913
 -2180249.8347   4394333.8056   4078340.4009
 -2180250.0081   4394333.8299   4078340.4058
 -2180249.7691   4394331.9032   4078338.9882
 -2180250.0710   4394332.4860   4078339.1665
 -2180250.3775   4394333.5452   4078339.8812
 -2180250.3158   4394333.4415   4078339.5638
 -2180249.8094   4394333.0713   4078339.1462
 -2180250.6946   4394333.1279   4078339.1074
 -2180251.1664   4394333.6612   4078339.4074
 -2180251.8399   4394335.1648   4078340.2703
 -2180251.5095   4394334.3742   4078339.7284
 -2180251.7510   4394334.1825   4078339.5421
 -2180252.1140   4394333.6873   4078339.2275
 -2180252.0752   4394334.0969   4078339.7776
 -2180251.7769   4394335.0993   4078339.7945
 -2180252.2422   4394334.8011   4078339.2745
 -2180252.5337   4394334.6204   4078339.5364
 -2180252.6726   4394334.6209   4078339.0763
 -2180253.0932   4394334.8087   4078339.4279
 -2180253.0315   4394333.5785   4078338.2882
 -2180252.6944   4394332.6403   4078337.4884
 -2180252.8994   4394333.7647   4078338.3188
 -2180253.4184   4394334.4950   4078338.6188
 -2180254.6030   4394336.2637   4078339.8974
 -2180253.8906   4394335.5467   4078339.1198
 -2180253.5605   4394334.0158   4078338.0993
 -2180253.9537   4394334.0936   4078337.8594
 -2180253.8372   4394333.6907   4078337.5449
 -2180254.0464   4394334.8278   4078338.0669
 -2180255.1876   4394336.4196   4078339.1192
 -2180254.7980   4394334.9574   4078338.2210
 -2180254.4728   4394335.0150   4078337.8077
 -2180254.1329   4394334.5555   4078337.6562
 -2180255.2615   4394336.2492   4078338.9588
 -2180255.1981   4394335.4734   4078337.7374
 -2180255.4268   4394335.6703   4078337.8314
 -2180255.4118   4394335.2749   4078337.5794
 -2180255.5504   4394335.9444   4078338.0642
 -2180255.7051   4394335.2381   4078337.6618
 -2180255.9389   4394335.8823   4078337.6118
 -2180256.6652   4394336.2736   4078337.6442
 -2180256.2652   4394334.6720   4078336.6753
 -2180256.7433   4394335.1785   4078337.1518
 -2180257.1068   4394336.4841   4078337.7224
 -2180256.2464   4394336.1947   4078337.2473
 -2180256.2334   4394335.6832   4078337.2372
 -2180257.1742   4394336.6030   4078337.5485
 -2180257.1946   4394336.3867   4078337.2097
 -2180257.6622   4394335.5588   4078336.6486
 -2180257.5524   4394335.6504   4078336.3794
 -2180257.2743   4394334.8302   4078335.6797
 -2180257.6102   4394335.4467   4078336.0846
 -2180258.4805   4394337.8575   4078336.9956
 -2180257.9057   4394335.6138   4078335.5362
 -2180257.8680   4394335.8052   4078335.8207
 -2180258.6474   4394337.5937   4078336.9122
 -2180259.3468   4394338.8949   4078337.1029
 -2180258.5270   4394337.5794   4078336.5154
 -2180258.3945   4394336.8510   4078335.4984
 -2180258.3122   4394336.8145   4078335.5113
 -2180258.7314   4394337.0015   4078335.5369
 -2180259.1903   4394337.1524   4078336.4006
 -2180259.6810   4394338.0459   4078336.2872
 -2180259.1738   4394337.2848   4078335.2097
 -2180259.7910   4394337.8006   4078335.7726
 -2180260.4196   4394339.0537   4078336.5032
 -2180260.3708   4394338.7520   4078336.2690
 -2180260.1427   4394337.9494   4078335.8247
 -2180260.4030   4394336.9439   4078335.2570
 -2180260.6372   4394337.7197   4078335.5880
 -2180260.8576   4394337.8890   4078335.6547
 -2180260.9600   4394337.8682   4078335.2417
 -2180260.8930   4394336.7114   4078334.4031
 -2180261.0813   4394335.8256   4078333.6484
 -2180261.4591   4394337.4650   4078334.8098
 -2180261.7125   4394338.4360   4078335.4779
 -2180262.2182   4394339.2324   4078336.0877
 -2180262.4605   4394339.5150   4078335.6994
 -2180263.0249   4394340.1993   4078336.0962
 -2180263.3063   4394338.6787   4078335.1851
 -2180262.9688   4394338.9360   4078334.9662
 -2180262.5770   4394339.0967   4078335.0103
 -2180262.8336   4394338.3043   4078334.8089
 -2180263.5159   4394339.2093   4078335.0712
 -2180263.4598   4394338.6354   4078334.6748
 -2180263.8581   4394338.8666   4078334.3679
 -2180263.8685   4394339.0122   4078334.6189
 -2180263.5301   4394337.8328   4078333.6718
 -2180263.9252   4394339.2494   4078334.4303
 -2180263.9899   4394338.9200   4078334.4297
 -2180264.4909   4394339.1266   4078334.4781
 -2180264.2191   4394337.7287   4078333.4122
 -2180264.8136   4394339.5295   4078334.3215
 -2180264.9397   4394340.4167   4078334.7511
 -2180264.9581   4394339.1681   4078334.0141
 -2180265.5007   4394339.4582   4078333.9669
 -2180265.2191   4394338.3935   4078333.0173
 -2180265.2132   4394339.0261   4078333.0737
 -2180265.3995   4394339.0764   4078333.4385
 -2180265.4275   4394338.9645   4078333.2656
 -2180266.5435   4394341.1765   4078334.3805
 -2180266.7675   4394338.8441   4078333.0217
 -2180267.0654   4394339.5657   4078333.3801
 -2180267.2978   4394339.8419   4078333.7237
 -2180267.0586   4394339.2437   4078332.7481
 -2180266.7794   4394338.0705   4078331.8426
 -2180267.5514   4394338.9445   4078332.9859
 -2180267.6428   4394339.8440   4078333.1327
 -2180268.1631   4394340.1885   4078333.3639
 -2180267.7398   4394339.2204   4078332.3718
 -2180268.1401   4394340.1074   4078332.6823
 -2180268.6990   4394340.1194   4078333.0038
 -2180268.9841   4394340.5683   4078333.2799
 -2180268.2568   4394337.9078   4078331.3041
 -2180268.2569   4394337.7529   4078330.5962
 -2180268.6140   4394339.6490   4078331.6855
 -2180269.7822   4394341.7277   4078333.1110
 -2180269.1033   4394340.2156   4078332.1121
 -2180269.0273   4394339.3196   4078331.5704
 -2180269.1253   4394339.7889   4078331.5825
 -2180269.5220   4394340.4740   4078332.1158
 -2180269.6545   4394340.5633   4078331.8112
 -2180270.0147   4394339.7996   4078331.1582
 -2180270.1588   4394339.9064   4078330.9712
 -2180270.4719   4394339.8541   4078331.2290
 -2180270.2595   4394339.6715   4078331.1150
 -2180271.0367   4394341.0682   4078331.4804
 -2180270.9277   4394341.0788   4078331.6108
 -2180271.1442   4394340.6135   4078331.4156
 -2180271.4353   4394339.6697   4078330.1248
 -2180271.3818   4394339.4276   4078330.2195
 -2180272.4616   4394341.8367   4078331.8516
 -2180272.7871   4394341.9687   4078331.9057
 -2180272.4097   4394341.5913   4078331.4241
 -2180272.8796   4394341.9443   4078330.8605
 -2180273.1224   4394341.6816   4078330.8381
 -2180273.1955   4394342.8674   4078332.2058
 -2180272.7018   4394341.0018   4078330.3379
 -2180273.1070   4394341.3554   4078330.1583
 -2180274.0791   4394343.2898   4078331.6997
 -2180273.8100   4394342.5097   4078330.9021
 -2180274.0045   4394342.6231   4078331.1365
 -2180273.6173   4394342.0640   4078330.4508
 -2180273.9055   4394342.7974   4078330.8922
 -2180274.0113   4394342.3511   4078330.6005
 -2180274.0448   4394341.7397   4078330.0683
 -2180274.6300   4394342.4739   4078329.9245
 -2180274.5127   4394342.9440   4078330.5490
 -2180274.5946   4394343.9168   4078331.0203
 -2180274.3258   4394342.6075   4078329.8275
 -2180274.5117   4394341.9174   4078329.2419
 -2180274.9969   4394342.4313   4078329.9269
 -2180275.3077   4394342.4716   4078329.6153
 -2180276.9215   4394345.2890   4078331.3279
 -2180276.2569   4394344.3254   4078330.8727
 -2180275.9661   4394343.2483   4078329.8842
 -2180276.0893   4394343.1207   4078329.2196
 -2180275.9625   4394341.8986   4078327.9523
 -2180276.0152   4394342.0993   4078328.6211
 -2180276.2264   4394342.2850   4078328.5269
 -2180276.4796   4394343.6631   4078329.4438
 -2180277.0766   4394344.0839   4078329.7652
 -2180276.8205   4394343.1761   4078328.6472
 -2180276.9115   4394342.9276   4078328.6572
 -2180277.0973   4394343.4099   4078328.9504
 -2180277.6358   4394344.1383   4078329.3308
 -2180278.3384   4394345.3439   4078330.0860
 -2180278.3899   4394344.3069   4078329.6138
 -2180278.7734   4394344.8775   4078329.3113
 -2180278.3856   4394343.2278   4078328.2607
 -2180277.5536   4394342.3177   4078327.4655
 -2180278.4501   4394343.6892   4078328.2459
 -2180279.2937   4394344.4916   4078328.7606
 -2180278.7434   4394343.2090   4078327.7316
 -2180278.7149   4394343.4487   4078327.4094
 -2180279.1057   4394343.6222   4078327.4065
 -2180279.1572   4394343.3760   4078327.7575
 -2180279.0151   4394342.3348   4078326.8065
 -2180279.2053   4394342.9524   4078326.6710
 -2180279.7267   4394343.2448   4078327.1522
 -2180280.7055   4394344.1388   4078327.5755
 -2180280.2650   4394343.8722   4078327.3319
 -2180281.0153   4394344.8939   4078328.3718
 -2180281.5809   4394345.1676   4078328.0066
 -2180281.8767   4394344.6521   4078327.3362
 -2180281.5368   4394344.6301   4078327.8614
 -2180281.6581   4394345.1367   4078327.7425
 -2180281.2534   4394343.5425   4078326.0893
 -2180281.8862   4394344.3846   4078326.9765
 -2180281.1441   4394343.6890   4078326.3832
 -2180282.4180   4394345.3598   4078327.6411
 -2180283.4539   4394346.6772   4078328.4842
 -2180283.2819   4394346.2831   4078328.0888
 -2180283.6089   4394346.4203   4078327.7388
 -2180283.0806   4394345.5963   4078326.9736
 -2180283.0065   4394344.7970   4078326.5879
 -2180283.4557   4394345.6344   4078327.4129
 -2180282.9941   4394344.9272   4078326.5154
 -2180284.0327   4394345.6922   4078326.6325
 -2180284.0873   4394346.3499   4078326.9116
 -2180284.6287   4394346.7725   4078327.1440
 -2180285.1722   4394347.6302   4078327.8490
 -2180284.5325   4394345.7053   4078326.3676
 -2180285.5125   4394346.6372   4078326.7255
 -2180285.1525   4394346.2205   4078326.5684
 -2180284.7748   4394345.4556   4078326.0232
 -2180284.8522   4394344.4377   4078325.0173
 -2180284.8431   4394344.5007   4078324.9175
 -2180285.6101   4394345.5948   4078325.7210
 -2180286.0249   4394345.5798   4078325.4881
 -2180285.5777   4394344.7607   4078325.0067
 -2180286.2239   4394346.2297   4078325.3908
 -2180287.0415   4394346.5177   4078325.4691
 -2180286.4310   4394345.6242   4078324.9211
 -2180286.5115   4394345.4199   4078325.0147
 -2180287.2980   4394346.8994   4078325.9400
 -2180287.4696   4394346.8675   4078325.4503
 -2180287.8006   4394347.5428   4078325.8441
 -2180287.3971   4394345.8541   4078324.7252
 -2180288.4590   4394347.1779   4078325.6920
 -2180288.4204   4394346.9766   4078325.3291
 -2180288.1317   4394346.4698   4078324.7479
 -2180287.9198   4394346.0174   4078324.2677
 -2180288.2568   4394346.9962   4078324.9022
 -2180288.0166   4394346.8273   4078324.8598
 -2180288.4650   4394347.0046   4078324.3985
 -2180289.4266   4394347.5010   4078324.6581
 -2180288.9900   4394347.0505   4078324.5766
 -2180289.7751   4394348.0363   4078325.0703
 -2180290.1663   4394348.1990   4078325.0937
 -2180289.5218   4394347.4977   4078324.5902
 -2180289.5204   4394346.8982   4078323.9168
 -2180289.8272   4394347.1327   4078324.0865
 -2180290.9491   4394348.5468   4078325.2154
 -2180290.7712   4394348.4729   4078324.8326
 -2180290.5512   4394346.9324   4078323.8264
 -2180291.4289   4394347.8846   4078324.2528
 -2180290.9227   4394347.1758   4078323.5662
 -2180290.5885   4394346.9091   4078323.7268
 -2180291.4100   4394347.2442   4078324.1543
 -2180291.3746   4394347.9049   4078323.8576
 -2180292.3223   4394348.1020   4078323.5980
 -2180292.0412   4394348.1731   4078323.9728
 -2180291.7880   4394347.3661   4078323.3348
 -2180292.8240   4394348.4510   4078323.8541
 -2180293.0182   4394348.8710   4078324.1266
 -2180292.7761   4394348.4259   4078323.5758
 -2180292.7772   4394347.5284   4078322.9017
 -2180293.0177   4394348.6452   4078323.0188
 -2180293.5365   4394348.7937   4078323.4390
 -2180293.6670   4394349.1684   4078323.5492
 -2180293.9485   4394349.5135   4078323.7731
 -2180294.3301   4394349.5722   4078323.8625
 -2180294.1096   4394348.3003   4078322.9204
 -2180294.1358   4394347.7223   4078321.9078
 -2180294.3581   4394348.7662   4078322.3049
 -2180294.9706   4394349.2922   4078322.6669
 -2180295.1487   4394349.7910   4078323.2521
 -2180294.9559   4394348.8697   4078322.7493
 -2180295.1461   4394348.6728   4078322.1053
 -2180295.6106   4394349.7224   4078322.6242
 -2180295.7851   4394348.8764   4078321.6906
 -2180295.7292   4394348.8318   4078321.9506
 -2180295.7290   4394348.8966   4078322.0977
 -2180295.8335   4394348.5374   4078321.6199
 -2180296.0941   4394348.8389   4078321.6679
 -2180295.7999   4394348.2018   4078321.2030
 -2180296.6386   4394349.9533   4078322.1648
 -2180297.1921   4394349.6660   4078322.3532
 -2180297.1127   4394348.8753   4078321.4557
 -2180297.1998   4394350.0429   4078321.9264
 -2180297.8946   4394350.8599   4078322.7269
 -2180298.1971   4394349.9410   4078321.8245
 -2180297.5083   4394349.2549   4078320.8356
 -2180297.2363   4394348.1921   4078320.2105
 -2180297.6081   4394349.2125   4078320.9284
 -2180297.9645   4394349.9579   4078321.3679
 -2180298.8722   4394350.3258   4078321.5976
 -2180298.3144   4394349.9206   4078321.1770
 -2180298.8274   4394350.0318   4078321.0980
 -2180298.6240   4394349.2632   4078320.5538
 -2180298.9636   4394349.7058   4078320.7575
 -2180299.3955   4394350.5418   4078321.4040
 -2180299.6740   4394350.4343   4078320.8711
 -2180300.0879   4394350.8270   4078321.2046
 -2180300.5341   4394351.1567   4078320.8786
 -2180300.1825   4394350.9161   4078321.2631
 -2180300.0104   4394349.8917   4078319.7026
 -2180300.1070   4394350.5245   4078320.4701
 -2180300.5757   4394350.9121   4078320.4814
 -2180300.9852   4394351.2758   4078320.7022
 -2180300.7996   4394351.3347   4078320.3795
 -2180300.7762   4394350.4218   4078319.7731
 -2180300.2827   4394349.8779   4078319.1185
 -2180301.2414   4394350.5515   4078319.9634
 -2180302.0565   4394351.6294   4078320.2514
 -2180302.4674   4394352.4704   4078320.9494
 -2180302.0949   4394351.6668   4078320.2175
 -2180302.4965   4394352.3275   4078320.2831
 -2180302.5157   4394351.6514   4078319.1912
 -2180302.3623   4394351.5881   4078319.6481
 -2180301.9649   4394351.4206   4078318.9653
 -2180303.2748   4394352.3540   4078320.4233
 -2180303.2331   4394352.3358   4078319.9910
 -2180303.1452   4394351.6209   4078319.4458
 -2180303.1415   4394351.6944   4078318.9764
 -2180303.3319   4394351.6595   4078319.1976
 -2180303.9418   4394352.0763   4078319.6857
 -2180303.8448   4394351.6172   4078319.1882
 -2180303.8696   4394351.7220   4078318.8883
 -2180304.2425   4394352.0660   4078318.9040
 -2180304.4210   4394352.3865   4078319.0814
 -2180304.3477   4394351.8574   4078318.6710
 -2180304.9472   4394352.5060   4078318.8266
 -2180305.3918   4394352.1558   4078318.6673
 -2180305.4063   4394352.0675   4078318.5272
 -2180305.6973   4394352.6490   4078318.6145
 -2180305.7794   4394352.3487   4078318.2465
 -2180306.0149   4394352.7350   4078319.2627
 -2180306.3354   4394353.0904   4078318.6482
 -2180306.2888   4394352.4867   4078318.3226
 -2180306.2210   4394351.9970   4078318.3510
 -2180306.5717   4394353.0459   4078317.7609
 -2180306.1928   4394352.6240   4078317.9082
 -2180306.5570   4394352.8808   4078317.8290
 -2180307.5537   4394353.7427   4078318.6929
 -2180306.6191   4394352.3655   4078317.6077
 -2180307.0113   4394353.3746   4078317.9771
 -2180307.6663   4394352.9408   4078317.7264
 -2180307.6685   4394353.2481   4078317.7338
 -2180307.9879   4394353.5749   4078317.5912
 -2180308.5181   4394353.6699   4078318.1402
 -2180308.6579   4394353.8614   4078318.0752
 -2180308.0641   4394353.3459   4078317.1828
 -2180308.3652   4394353.3813   4078317.3327
 -2180308.4178   4394353.1696   4078317.3521
 -2180308.8346   4394353.1144   4078317.0107
 -2180308.9761   4394353.8898   4078317.2036
 -2180308.6465   4394352.9053   4078316.8488
 -2180309.2378   4394353.7951   4078316.9425
 -2180309.9207   4394354.3686   4078316.9750
 -2180309.8696   4394354.7620   4078317.6976
 -2180310.0740   4394354.3894   4078316.6714
 -2180310.1113   4394354.1437   4078316.5645
 -2180309.7282   4394353.2604   4078316.1379
 -2180310.5138   4394353.9340   4078316.6139
 -2180310.8627   4394353.9740   4078316.6475
 -2180310.9711   4394354.1299   4078316.3125
 -2180311.3120   4394354.7894   4078316.2145
 -2180311.4966   4394354.3963   4078316.1168
 -2180311.7461   4394354.2744   4078316.4919
 -2180311.2916   4394353.8274   4078316.2481
 -2180311.7033   4394353.6701   4078315.6184
 -2180311.9306   4394353.5607   4078315.1642
 -2180311.9114   4394353.8476   4078315.1233
 -2180312.6917   4394354.7824   4078315.8554
 -2180312.7759   4394354.1798   4078315.9252
 -2180312.5557   4394354.5632   4078315.2504
 -2180312.1293   4394353.4485   4078314.8529
 -2180312.5370   4394354.2884   4078314.8264
 -2180313.7226   4394354.9188   4078315.4769
 -2180313.5105   4394354.3667   4078314.9145
 -2180313.0440   4394354.3067   4078315.0773
 -2180313.7551   4394355.2939   4078315.3522
 -2180314.3565   4394355.5164   4078315.7764
 -2180314.2617   4394354.9990   4078315.0731
 -2180314.2934   4394355.4585   4078315.2334
 -2180314.5958   4394354.8065   4078314.5973
 -2180314.5697   4394354.8116   4078314.6258
 -2180314.6388   4394354.8733   4078314.3106
 -2180315.0561   4394355.1727   4078314.4664
 -2180315.1871   4394355.3117   4078314.6581
 -2180315.2714   4394355.9735   4078315.0840
 -2180316.0187   4394356.1044   4078315.0719
 -2180316.7464   4394356.6280   4078315.0638
 -2180316.7150   4394356.6329   4078315.3919
 -2180315.9934   4394355.5827   4078314.3473
 -2180315.9963   4394355.6882   4078313.8673
 -2180315.7682   4394355.4499   4078313.5304
 -2180317.0298   4394355.6880   4078314.0486
 -2180317.1258   4394356.3109   4078314.0258
 -2180318.0419   4394357.0210   4078315.2760
 -2180317.8610   4394356.9491   4078314.9658
 -2180317.5178   4394356.1145   4078313.6004
 -2180317.9260   4394355.8265   4078313.5733
 -2180317.6939   4394356.2543   4078313.8278
 -2180317.8170   4394356.2818   4078313.2264
 -2180317.4939   4394355.8781   4078313.2660
 -2180318.4705   4394356.3513   4078313.5834
 -2180318.4857   4394356.5097   4078313.7227
 -2180318.8337   4394357.0429   4078314.0236
 -2180318.6719   4394356.5907   4078313.7146
 -2180318.6794   4394356.8243   4078313.5001
 -2180319.1978   4394356.9854   4078313.3768
 -2180320.0768   4394357.4410   4078313.6443
 -2180319.8111   4394357.1518   4078313.3311
 -2180319.1222   4394356.7042   4078312.3638
 -2180320.1498   4394357.1393   4078312.4485
 -2180319.4409   4394356.4747   4078312.0888
 -2180319.7026   4394356.7478   4078312.2952
 -2180319.7780   4394356.6127   4078312.3763
 -2180320.6048   4394357.5255   4078312.7190
 -2180320.6039   4394357.0443   4078312.2311
 -2180320.8019   4394357.3009   4078312.2816
 -2180320.7699   4394357.3041   4078312.4531
 -2180321.1661   4394357.0258   4078312.1932
 -2180321.5713   4394358.0269   4078312.6141
 -2180321.3217   4394357.4003   4078311.5576
 -2180321.8451   4394357.8571   4078311.7668
 -2180322.3195   4394357.9080   4078312.1659
 -2180321.7228   4394357.5355   4078311.8206
 -2180322.2639   4394358.0996   4078312.3420
 -2180322.1531   4394358.0795   4078311.7559
 -2180322.7581   4394358.2689   4078311.5591
 -2180323.3610   4394357.8397   4078311.4524
 -2180323.2578   4394358.0492   4078311.4152
 -2180323.1469   4394358.3691   4078311.7187
 -2180323.4538   4394357.7442   4078311.1196
 -2180323.5771   4394358.4691   4078311.4668
 -2180323.6694   4394358.2054   4078311.2878
 -2180324.0738   4394358.7387   4078312.0814
 -2180324.3702   4394359.1730   4078311.7462
 -2180324.6184   4394358.9777   4078311.2929
 -2180324.9675   4394358.7047   4078311.7250
 -2180324.0800   4394358.1203   4078310.9947
 -2180325.1074   4394358.6667   4078310.9813
 -2180325.1608   4394358.4178   4078310.6687
 -2180325.5577   4394358.9861   4078311.5056
 -2180325.4515   4394359.1584   4078311.3822
 -2180325.4532   4394358.8326   4078310.9334
 -2180325.7057   4394358.5581   4078310.5701
 -2180325.8379   4394358.5605   4078309.8790
 -2180325.7384   4394359.1368   4078310.1346
 -2180327.1768   4394359.9761   4078310.8962
 -2180326.5334   4394359.9184   4078310.5643
 -2180326.7787   4394359.3529   4078310.6742
 -2180327.3290   4394358.9874   4078310.4164
 -2180327.8255   4394359.8763   4078310.5212
 -2180327.2675   4394359.7276   4078310.0554
 -2180327.5393   4394359.9963   4078310.6149
 -2180327.0637   4394359.5085   4078309.7504
 -2180327.5423   4394359.6880   4078309.7115
 -2180328.4525   4394360.3814   4078310.0688
 -2180328.6940   4394360.1591   4078309.8407
 -2180328.8058   4394359.8411   4078309.4775
 -2180328.3298   4394360.0592   4078309.5035
 -2180328.3088   4394359.7367   4078309.0025
 -2180328.8696   4394359.4614   4078309.0570
 -2180329.2762   4394359.6299   4078309.1382
 -2180329.4846   4394360.6278   4078310.0729
 -2180329.8281   4394360.6044   4078309.9454
 -2180329.2333   4394359.4198   4078309.0141
 -2180330.0484   4394360.1444   4078308.9716
 -2180330.0386   4394360.3143   4078309.0261
 -2180330.4111   4394360.8659   4078309.4794
 -2180330.5056   4394361.0851   4078309.0164
 -2180330.7724   4394360.8576   4078308.9492
 -2180330.2586   4394360.2693   4078309.0731
 -2180331.0645   4394360.1118   4078308.7374
 -2180330.8758   4394360.3534   4078308.5082
 -2180330.4786   4394360.2564   4078308.2502
 -2180331.2876   4394360.5336   4078308.6358
 -2180331.6001   4394360.7420   4078308.4168
 -2180332.0161   4394361.0891   4078307.9999
 -2180331.4424   4394360.4545   4078307.6558
 -2180331.7889   4394360.6223   4078308.1325
 -2180332.0765   4394360.7558   4078308.0813
 -2180331.9842   4394360.7413   4078307.9416
 -2180332.9317   4394361.3926   4078308.6332
 -2180332.6639   4394361.1615   4078308.3137
 -2180332.6577   4394361.4029   4078308.1685
 -2180333.2697   4394361.7041   4078308.2117
 -2180332.8734   4394361.1302   4078307.3909
 -2180333.3953   4394361.3824   4078307.6421
 -2180333.8982   4394361.2640   4078307.3133
 -2180333.8121   4394361.8994   4078307.9961
 -2180334.5657   4394362.3576   4078308.6943
 -2180334.0894   4394361.9049   4078307.5440
 -2180334.6664   4394362.2231   4078307.6208
 -2180334.3467   4394361.5657   4078306.9263
 -2180334.7737   4394362.1240   4078307.5939
 -2180334.5589   4394361.4832   4078307.0292
 -2180335.1718   4394361.8194   4078306.9329
 -2180334.8843   4394361.8816   4078306.9153
 -2180335.8558   4394362.7468   4078307.3171
 -2180336.1057   4394362.8869   4078307.4529
 -2180336.4447   4394363.2752   4078307.5110
 -2180335.5862   4394362.4096   4078306.7656
 -2180336.3391   4394362.5779   4078307.0104
 -2180337.4581   4394362.9770   4078306.9803
 -2180337.1480   4394362.6399   4078306.9190
 -2180336.2421   4394362.3510   4078306.8519
 -2180336.5879   4394362.2462   4078306.4332
 -2180336.7375   4394362.5207   4078306.2919
 -2180337.8306   4394362.7929   4078306.5255
 -2180337.6169   4394363.0284   4078306.8049
 -2180338.2004   4394363.0353   4078306.5669
 -2180338.5721   4394362.7633   4078306.2116
 -2180337.7867   4394362.9841   4078306.2932
 -2180338.1656   4394362.8947   4078305.8261
 -2180338.2421   4394362.7219   4078305.2228
 -2180338.2923   4394362.8293   4078306.0134
 -2180338.5739   4394363.2875   4078305.6110
 -2180339.0110   4394363.1409   4078305.8598
 -2180339.2350   4394362.9042   4078305.7301
 -2180339.0165   4394363.1563   4078305.4733
 -2180339.7337   4394363.4393   4078305.7756
 -2180339.8303   4394363.3325   4078305.3970
 -2180339.9260   4394363.7196   4078305.7993
 -2180340.0885   4394363.5910   4078305.4303
 -2180340.3330   4394364.1843   4078305.9765
 -2180340.6702   4394363.9585   4078305.4766
 -2180341.0255   4394363.8237   4078305.3771
 -2180340.6693   4394363.9290   4078305.0625
 -2180340.7910   4394363.5590   4078305.1059
 -2180341.4561   4394364.0562   4078304.7707
 -2180341.5319   4394364.3101   4078305.2742
 -2180341.4866   4394364.4225   4078304.9944
 -2180341.4939   4394364.4219   4078305.6549
 -2180341.7642   4394364.3606   4078304.8215
 -2180342.1226   4394363.8929   4078304.4729
 -2180341.7340   4394364.6950   4078304.8935
 -2180342.1504   4394364.3535   4078304.7384
 -2180342.7639   4394364.4130   4078304.5760
 -2180342.9612   4394364.7990   4078304.9318
 -2180343.0564   4394364.7372   4078304.6592
 -2180343.2115   4394364.4874   4078304.3494
 -2180343.0749   4394364.3301   4078304.2581
 -2180343.4448   4394364.5141   4078304.1604
 -2180343.1513   4394364.7361   4078304.0364
 -2180343.6961   4394365.0066   4078304.0695
 -2180343.7875   4394365.1361   4078303.8533
 -2180344.1859   4394364.6488   4078303.3834
 -2180344.2985   4394365.5739   4078303.9748
 -2180344.1827   4394365.2721   4078304.0122
 -2180345.0182   4394365.1718   4078303.9763
 -2180345.4105   4394365.9281   4078304.1582
 -2180345.2633   4394365.5332   4078304.1695
 -2180345.4172   4394365.3923   4078303.7513
 -2180345.6246   4394365.8079   4078303.5877
 -2180345.9059   4394365.7343   4078303.6437
 -2180346.2209   4394366.0111   4078304.0309
 -2180345.8727   4394365.8162   4078303.8026
 -2180345.7686   4394365.7767   4078303.5050
 -2180346.2319   4394365.4536   4078302.6759
 -2180346.6736   4394365.6520   4078302.7708
 -2180346.7703   4394366.0621   4078302.7084
 -2180347.2020   4394366.3991   4078303.5511
 -2180347.2435   4394365.7803   4078303.0699
 -2180347.3142   4394366.2421   4078303.3099
 -2180347.7495   4394366.9369   4078303.4214
 -2180347.9763   4394366.5116   4078302.7933
 -2180348.3579   4394366.6838   4078302.7449
 -2180347.5028   4394365.8398   4078302.7952
 -2180348.6122   4394366.5769   4078302.6513
 -2180348.6531   4394366.9057   4078303.1957
 -2180349.0726   4394366.8357   4078303.4740
 -2180349.0805   4394367.1451   4078303.2443
 -2180349.0721   4394366.6638   4078302.3766
 -2180349.1691   4394366.4670   4078302.3338
 -2180348.8967   4394366.6168   4078301.6364
 -2180348.7845   4394366.3285   4078301.7749
 -2180349.6374   4394366.1699   4078301.2295
 -2180349.7530   4394366.8884   4078301.8963
 -2180350.4357   4394367.3897   4078302.3030
 -2180350.6372   4394367.1758   4078301.7868
 -2180350.6310   4394366.7198   4078301.4056
 -2180350.4297   4394366.5701   4078301.6078
 -2180350.2250   4394366.9113   4078301.3827
 -2180351.2676   4394367.5085   4078301.9355
 -2180351.1645   4394367.4188   4078301.6341
 -2180351.3853   4394367.4925   4078301.4550
 -2180351.5844   4394367.6917   4078301.2990
 -2180351.3330   4394367.6907   4078301.6072
 -2180352.1309   4394367.3390   4078301.5268
 -2180352.0432   4394367.3699   4078300.8721
 -2180352.3325   4394367.9307   4078301.2425
 -2180352.5852   4394367.7208   4078301.1053
 -2180352.9165   4394367.8944   4078300.9355
 -2180352.3972   4394367.8198   4078300.8513
 -2180353.0623   4394367.7859   4078300.3569
 -2180353.1810   4394367.9880   4078300.6293
 -2180353.7593   4394367.9161   4078300.7993
 -2180353.4436   4394368.0004   4078300.8992
 -2180353.6155   4394368.3796   4078300.7948
 -2180353.4842   4394367.6492   4078299.8629
 -2180353.6077   4394368.1637   4078300.3718
 -2180354.2160   4394368.2607   4078300.0447
 -2180354.7375   4394368.2856   4078300.3435
 -2180353.9808   4394368.2174   4078299.8772
 -2180354.8753   4394368.5015   4078300.3326
 -2180354.7805   4394368.5694   4078300.2723
 -2180354.7707   4394368.4835   4078300.2635
 -2180355.4458   4394368.9638   4078300.1699
 -2180355.3076   4394369.0793   4078300.2452
 -2180355.2109   4394368.3231   4078299.5093
 -2180356.0559   4394368.1565   4078299.1593
 -2180356.4442   4394368.6140   4078299.5778
 -2180356.0701   4394369.2478   4078299.8076
 -2180355.8136   4394368.9099   4078299.6314
 -2180356.7873   4394369.2440   4078299.5779
 -2180357.1773   4394368.8469   4078299.2409
 -2180357.6357   4394369.1938   4078299.4789
 -2180357.2194   4394369.3396   4078299.3935
 -2180356.9675   4394368.4041   4078298.4089
 -2180357.5410   4394368.7698   4078298.7214
 -2180357.6443   4394369.0068   4078299.3494
 -2180357.9055   4394369.2563   4078299.1273
 -2180357.5760   4394369.5039   4078298.6592
 -2180358.0558   4394369.4816   4078299.1097
 -2180358.0446   4394369.8042   4078299.1812
 -2180358.7566   4394369.8445   4078298.9418
 -2180358.8732   4394369.8421   4078298.7663
 -2180358.7986   4394369.5295   4078298.3580
 -2180358.8405   4394369.5699   4078298.5922
 -2180359.5897   4394370.0466   4078298.5476
 -2180359.1973   4394369.7220   4078298.2499
 -2180359.9153   4394369.9655   4078298.0639
 -2180360.3378   4394369.7317   4078298.2803
 -2180359.7111   4394369.7643   4078297.7029
 -2180359.5930   4394369.9176   4078297.6103
 -2180359.7266   4394369.8541   4078297.3799
 -2180360.4697   4394369.8040   4078297.7522
 -2180360.7190   4394370.0671   4078297.5695
 -2180360.4465   4394370.7502   4078297.8375
 -2180360.2480   4394370.1179   4078297.6451
 -2180361.3673   4394370.8678   4078298.0974
 -2180361.8547   4394370.9528   4078298.0066
 -2180362.1301   4394370.5689   4078297.2963
 -2180361.8809   4394370.5165   4078297.1904
 -2180361.9565   4394371.4248   4078297.9062
 -2180361.8690   4394371.3390   4078297.4628
 -2180361.7972   4394370.8225   4078297.4548
 -2180362.2387   4394370.4984   4078297.0318
 -2180362.4512   4394370.6749   4078297.1616
 -2180362.1628   4394370.6897   4078296.6202
 -2180362.8638   4394370.3725   4078296.5885
 -2180363.2647   4394371.0829   4078296.9145
 -2180363.5539   4394371.2451   4078296.6412
 -2180363.1896   4394371.4643   4078297.0595
 -2180363.5462   4394371.4075   4078297.4217
 -2180364.0797   4394371.6343   4078296.7496
 -2180364.5512   4394371.7659   4078297.1321
 -2180364.9268   4394371.7607   4078296.4819
 -2180365.1509   4394371.8852   4078296.4083
 -2180365.1745   4394371.8267   4078296.5367
 -2180364.6278   4394371.3270   4078295.8239
 -2180364.8148   4394371.8797   4078296.2107
 -2180365.2620   4394371.8668   4078296.1128
 -2180365.2575   4394371.8495   4078295.6837
 -2180365.5573   4394371.9231   4078295.6384
 -2180366.0176   4394371.6939   4078295.7125
 -2180365.9807   4394371.9407   4078296.1012
 -2180365.8931   4394372.0425   4078296.1137
 -2180366.4680   4394371.5795   4078295.4726
 -2180366.5476   4394372.0160   4078295.9891
EOF