 -2173831.3076   4381459.5728   4093731.0246
 -2173850.0700   4381465.0497   4093723.4007
 -2173868.3427   4381470.6349   4093716.1381
 -2173886.2893   4381473.5696   4093706.7398
 -2173904.3753   4381480.5695   4093700.2186
 -2173922.4629   4381485.9107   4093693.9194
 -2173940.0495   4381492.5678   4093687.3630
 -2173957.6351   4381497.4147   4093681.0357
 -2173975.4894   4381503.1464   4093674.0701
 -2173993.1426   4381509.0215   4093667.8757
 -2174010.3050   4381515.3066   4093662.2128
 -2174028.1916   4381521.8676   4093655.6312
 -2174046.3201   4381526.2921   4093647.9304
 -2174064.5533   4381533.9572   4093642.1345
 -2174083.1643   4381539.7284   4093634.6516
 -2174100.2439   4381545.2566   4093629.6871
 -2174118.2197   4381551.7408   4093622.8165
 -2174135.8279   4381557.8904   4093617.7750
 -2174154.0176   4381564.2927   4093611.7014
 -2174171.5374   4381568.8897   4093603.7934
 -2174189.2045   4381574.8125   4093597.7512
 -2174207.0073   4381580.7637   4093591.9015
 -2174225.2843   4381587.6771   4093585.2330
 -2174243.4056   4381593.3327   4093578.1427
 -2174261.0608   4381599.6347   4093571.5053
 -2174278.9514   4381605.0478   4093564.9114
 -2174297.3673   4381610.8439   4093558.2210
 -2174314.9755   4381615.6248   4093550.2704
 -2174333.1804   4381621.5606   4093543.3502
 -2174351.1763   4381627.6453   4093536.3170
 -2174369.8393   4381632.3933   4093528.5640
 -2174387.5126   4381638.2230   4093521.2273
 -2174405.4174   4381646.2296   4093516.3097
 -2174423.5538   4381651.7700   4093509.1819
 -2174441.7240   4381658.0577   4093503.6671
 -2174459.7164   4381662.6624   4093495.4913
 -2174476.9275   4381668.7220   4093489.0097
 -2174494.6294   4381673.8822   4093482.2881
 -2174512.6827   4381679.1580   4093474.8295
 -2174530.7516   4381684.4705   4093468.0730
 -2174549.0083   4381691.4846   4093462.1611
 -2174567.0248   4381698.1259   4093455.7512
 -2174584.7134   4381702.4355   4093448.0315
 -2174602.6466   4381708.2798   4093440.8061
 -2174620.9722   4381714.5477   4093433.9759
 -2174639.0355   4381720.8153   4093427.6896
 -2174656.4621   4381725.4069   4093420.1048
 -2174674.2172   4381732.7024   4093414.0977
 -2174691.8226   4381736.6115   4093406.0406
 -2174710.4831   4381742.2587   4093399.5781
 -2174728.6711   4381747.2158   4093392.1934
 -2174746.3316   4381754.4153   4093386.4961
 -2174763.6898   4381758.7205   4093379.1913
 -2174781.6439   4381764.5513   4093372.1035
 -2174798.9058   4381770.2427   4093365.6226
 -2174817.3866   4381775.0118   4093358.3332
 -2174834.4614   4381779.6861   4093351.4657
 -2174852.9308   4381785.7402   4093344.5904
 -2174870.5820   4381791.9938   4093337.4644
 -2174888.5526   4381797.0588   4093330.3133
 -2174906.5340   4381802.0648   4093323.5975
 -2174924.1891   4381808.4361   4093317.9071
 -2174941.9089   4381813.0294   4093310.0066
 -2174959.7302   4381819.6681   4093303.7849
 -2174977.9494   4381824.8074   4093296.0479
 -2174996.1394   4381831.1777   4093289.7086
 -2175013.8916   4381836.4513   4093282.4163
 -2175032.2470   4381842.0787   4093275.5235
 -2175049.8813   4381847.2437   4093267.7227
 -2175067.2585   4381853.9057   4093261.6369
 -2175085.9356   4381859.7581   4093255.2835
 -2175103.7812   4381865.5451   4093248.5514
 -2175121.2979   4381870.9257   4093241.3586
 -2175139.7925   4381877.8953   4093234.8782
 -2175157.6308   4381883.2342   4093227.9289
 -2175175.9660   4381888.5436   4093221.1664
 -2175193.8169   4381895.9579   4093216.0551
 -2175211.3660   4381900.2311   4093207.5233
 -2175229.7384   4381905.8978   4093201.2087
 -2175247.5783   4381912.8881   4093195.1783
 -2175265.8404   4381919.4859   4093188.9501
 -2175283.4141   4381923.8522   4093181.3298
 -2175300.6868   4381928.0065   4093173.7139
 -2175318.5307   4381934.9085   4093167.5098
 -2175336.1756   4381939.5756   4093160.2794
 -2175354.5122   4381946.1224   4093154.0247
 -2175372.1823   4381951.2860   4093146.9396
 -2175390.0769   4381956.6476   4093139.9432
 -2175408.4387   4381963.6176   4093133.7203
 -2175426.0826   4381968.2023   4093126.4448
 -2175443.9606   4381974.2719   4093119.7067
 -2175462.4308   4381980.3005   4093112.9366
 -2175480.5293   4381985.9971   4093106.4262
 -2175497.4264   4381990.9444   4093098.8319
 -2175515.6261   4381997.1486   4093092.4965
 -2175533.3238   4382002.5923   4093084.9372
 -2175552.0974   4382009.0450   4093078.8857
 -2175569.7041   4382015.4310   4093072.4032
 -2175587.7982   4382021.5339   4093065.6023
 -2175605.6602   4382026.8344   4093058.4513
 -2175623.4431   4382032.1031   4093051.5352
 -2175640.8842   4382037.5564   4093044.4462
 -2175658.9404   4382043.2972   4093037.3192
 -2175677.0253   4382049.0200   4093030.6239
 -2175694.8105   4382055.5563   4093024.6759
 -2175712.5137   4382059.4332   4093016.7111
 -2175731.0067   4382065.9623   4093010.4328
 -2175749.1492   4382072.1259   4093003.7057
 -2175766.9373   4382077.4777   4092996.8712
 -2175784.9489   4382084.6342   4092990.6153
 -2175803.1320   4382089.8820   4092983.2922
 -2175820.4535   4382095.0499   4092976.2501
 -2175839.0039   4382102.6519   4092970.0098
 -2175856.9225   4382108.9515   4092963.8155
 -2175874.1985   4382113.5816   4092956.2873
 -2175892.2062   4382118.9658   4092949.1144
 -2175909.7956   4382124.5472   4092942.0244
 -2175927.5543   4382130.5576   4092935.8655
 -2175945.6069   4382136.4617   4092929.1202
 -2175963.6482   4382142.2288   4092922.0487
 -2175981.3108   4382147.4132   4092914.9204
 -2175998.9571   4382152.4221   4092907.6741
 -2176017.0679   4382157.9985   4092900.8368
 -2176034.4430   4382163.4072   4092893.3870
 -2176052.6581   4382168.9030   4092886.3429
 -2176070.5347   4382175.0327   4092879.9895
 -2176088.4265   4382179.7550   4092873.2250
 -2176106.3131   4382185.8018   4092866.4569
 -2176124.1890   4382190.9912   4092859.0656
 -2176141.5935   4382196.1199   4092851.7392
 -2176159.3472   4382201.8100   4092844.7771
 -2176177.0102   4382208.2159   4092838.2963
 -2176195.4415   4382213.4693   4092831.8659
 -2176212.9832   4382218.2887   4092824.5112
 -2176231.5390   4382224.6340   4092818.2187
 -2176248.9456   4382230.6211   4092811.1914
 -2176267.0483   4382235.5602   4092804.0074
 -2176284.5985   4382241.6344   4092797.5373
 -2176302.8096   4382247.1927   4092790.9855
 -2176320.4196   4382252.4810   4092783.6218
 -2176338.6536   4382259.1184   4092777.1121
 -2176356.8516   4382265.6046   4092770.7415
 -2176374.8931   4382271.3026   4092763.8937
 -2176392.5181   4382276.5737   4092757.1000
 -2176410.0663   4382281.5187   4092749.7908
 -2176428.3310   4382287.5343   4092742.9694
 -2176446.0009   4382291.7843   4092735.8114
 -2176463.8916   4382298.4814   4092729.4162
 -2176482.1462   4382304.6024   4092723.2387
 -2176500.1233   4382310.1060   4092716.2266
 -2176518.6204   4382317.5635   4092710.6309
 -2176536.0181   4382322.1813   4092703.2835
 -2176554.2736   4382326.9740   4092695.4843
 -2176572.0112   4382333.1192   4092688.9228
 -2176590.2132   4382340.0168   4092682.8428
 -2176607.9441   4382345.9680   4092676.3448
 -2176625.8515   4382352.0649   4092669.2370
 -2176643.7281   4382357.0324   4092662.4274
 -2176661.5330   4382362.8045   4092655.3642
 -2176679.4166   4382368.2139   4092648.3108
 -2176697.2662   4382374.5073   4092641.6419
 -2176715.0507   4382378.9099   4092634.5754
 -2176732.8607   4382383.7877   4092626.8426
 -2176750.6895   4382390.4226   4092620.4746
 -2176768.5254   4382396.4527   4092613.8350
 -2176786.8096   4382402.1972   4092607.2505
 -2176804.3910   4382408.2688   4092600.5408
 -2176821.8059   4382412.7625   4092593.3820
 -2176839.6926   4382418.1191   4092586.6095
 -2176857.7742   4382424.5977   4092579.7401
 -2176875.3299   4382429.8455   4092572.5346
 -2176892.8853   4382435.2439   4092565.5122
 -2176910.9941   4382441.3830   4092559.1486
 -2176929.0332   4382447.8010   4092552.8742
 -2176947.2323   4382454.0922   4092546.2284
 -2176964.9150   4382458.6545   4092538.3991
 -2176982.5573   4382464.9405   4092532.1130
 -2177000.5985   4382471.0584   4092525.3550
 -2177018.7472   4382476.3450   4092518.2584
 -2177037.0541   4382483.7902   4092512.3452
 -2177054.5207   4382488.9878   4092505.3133
 -2177072.2759   4382494.0005   4092497.6406
 -2177089.7037   4382500.2448   4092491.1193
 -2177107.5651   4382505.0445   4092483.8834
 -2177126.1665   4382511.6035   4092477.5327
 -2177144.4345   4382518.9350   4092471.8530
 -2177162.4947   4382523.5439   4092464.6495
 -2177179.7568   4382529.6584   4092457.7548
 -2177197.9016   4382535.9547   4092451.1935
 -2177215.3741   4382540.9897   4092444.0561
 -2177233.5591   4382546.6227   4092437.4702
 -2177251.6022   4382552.4592   4092429.9882
 -2177269.6691   4382557.8673   4092423.2248
 -2177287.5460   4382562.7367   4092416.2967
 -2177305.2708   4382568.2093   4092409.1410
 -2177323.0488   4382574.6981   4092403.0152
 -2177341.1774   4382581.7366   4092396.9551
 -2177358.3973   4382585.6815   4092388.3867
 -2177376.3438   4382592.3827   4092382.4883
 -2177393.7924   4382596.4547   4092374.7419
 -2177411.7823   4382601.8584   4092367.4972
 -2177429.8618   4382607.6630   4092360.9596
 -2177448.0799   4382614.6066   4092354.4999
 -2177465.2889   4382619.7839   4092347.0022
 -2177483.6281   4382626.4289   4092341.4116
 -2177501.6484   4382631.9609   4092334.2881
 -2177519.6688   4382637.4555   4092327.6399
 -2177537.6447   4382643.0761   4092320.3209
 -2177554.8391   4382648.7701   4092313.3244
 -2177573.2845   4382655.3923   4092307.0382
 -2177591.0729   4382661.6719   4092300.6812
 -2177608.9683   4382666.7129   4092293.3111
 -2177626.8368   4382671.9956   4092286.4506
 -2177644.0699   4382677.3999   4092279.5093
 -2177662.6453   4382683.2141   4092272.7305
 -2177681.0947   4382689.8964   4092266.2986
 -2177698.2136   4382694.9291   4092258.9603
 -2177715.6575   4382700.1937   4092251.8426
 -2177733.9438   4382706.5416   4092245.0364
 -2177752.0193   4382712.2430   4092238.3645
 -2177770.3717   4382718.7148   4092232.0240
 -2177787.8390   4382723.7113   4092224.7713
 -2177805.6873   4382730.0086   4092218.2726
 -2177824.1682   4382736.4394   4092212.0419
 -2177842.0309   4382740.9087   4092204.4465
 -2177859.6315   4382746.6971   4092197.7172
 -2177877.4245   4382752.8967   4092191.1834
 -2177895.4840   4382758.8677   4092184.7770
 -2177913.4741   4382765.4737   4092178.1683
 -2177931.9575   4382770.4816   4092170.9809
 -2177949.8766   4382776.9730   4092164.8419
 -2177966.9170   4382781.0449   4092157.0306
 -2177985.6194   4382787.5094   4092150.6449
 -2178003.5276   4382793.3932   4092144.0235
 -2178021.5959   4382799.1674   4092137.2035
 -2178039.3931   4382804.6706   4092130.2915
 -2178057.3024   4382809.6564   4092123.0459
 -2178075.0960   4382816.1656   4092116.3421
 -2178093.2955   4382822.6720   4092110.2079
 -2178111.5579   4382829.0110   4092104.1293
 -2178129.5186   4382834.1757   4092096.8386
 -2178146.2682   4382839.0027   4092089.1530
 -2178164.0124   4382843.4758   4092081.6202
 -2178182.6927   4382850.3401   4092075.8127
 -2178200.8077   4382856.8767   4092069.5007
 -2178218.8337   4382861.7827   4092061.6007
 -2178236.4640   4382867.8730   4092055.3691
 -2178254.5346   4382872.0640   4092047.8904
 -2178271.9470   4382877.8054   4092040.7219
 -2178290.4493   4382885.6195   4092034.9087
 -2178307.7841   4382891.8427   4092028.5813
 -2178326.5908   4382898.4177   4092022.6645
 -2178344.7117   4382904.4759   4092015.5397
 -2178362.2167   4382908.9608   4092008.2567
 -2178380.0841   4382914.0191   4092000.8982
 -2178397.9027   4382918.4319   4091993.3751
 -2178415.9453   4382924.5153   4091986.9333
 -2178434.0870   4382931.2360   4091980.6691
 -2178452.0500   4382938.6134   4091974.8529
 -2178469.9929   4382943.3835   4091967.1835
 -2178487.9695   4382948.8788   4091960.4385
 -2178506.2183   4382955.8122   4091954.4574
 -2178523.5148   4382960.0943   4091947.1105
 -2178541.0441   4382965.5289   4091939.4397
 -2178559.3130   4382970.9542   4091932.4720
 -2178577.2299   4382976.3178   4091925.5991
 -2178594.8523   4382982.1816   4091918.7684
 -2178612.4127   4382988.2959   4091912.0079
 -2178630.8633   4382995.2808   4091906.2224
 -2178649.4381   4383001.5734   4091899.8077
 -2178666.7209   4383006.2400   4091891.9368
 -2178683.7539   4383010.7818   4091884.4856
 -2178702.7388   4383016.8446   4091878.1048
 -2178720.7966   4383023.7089   4091872.1988
 -2178738.8514   4383029.6171   4091865.3814
 -2178756.0977   4383033.8954   4091857.8026
 -2178773.7378   4383040.0760   4091851.3002
 -2178791.6043   4383044.2335   4091843.1319
 -2178810.3230   4383052.3524   4091838.0320
 -2178827.9724   4383056.8975   4091830.6252
 -2178846.4097   4383064.3182   4091824.8369
 -2178863.6935   4383069.1684   4091817.4037
 -2178882.0606   4383075.7075   4091810.8322
 -2178899.8129   4383079.8828   4091803.1586
 -2178917.2577   4383085.8187   4091796.6871
 -2178936.0042   4383092.8977   4091790.6244
 -2178953.7557   4383098.3803   4091784.1341
 -2178971.8357   4383104.5482   4091777.0513
 -2178989.5418   4383110.3243   4091770.4860
 -2179007.4728   4383114.2902   4091762.7445
 -2179025.0419   4383119.5510   4091755.3933
 -2179042.6397   4383125.8742   4091748.5638
 -2179061.0461   4383132.0428   4091742.3464
 -2179079.1774   4383137.8555   4091735.9633
 -2179096.8195   4383143.7613   4091729.0182
 -2179114.5994   4383148.4771   4091721.4800
 -2179132.4211   4383155.0685   4091714.9932
 -2179150.1071   4383160.4700   4091708.6026
 -2179168.6188   4383167.3969   4091702.3163
 -2179186.4138   4383172.5596   4091695.1073
 -2179204.3238   4383177.7725   4091688.0801
 -2179222.0534   4383182.7405   4091680.4553
 -2179240.4100   4383189.1652   4091674.1910
 -2179259.0011   4383196.3829   4091668.4349
 -2179276.8056   4383201.3123   4091660.9874
 -2179294.1978   4383206.0256   4091653.9412
 -2179312.3311   4383212.4722   4091647.4595
 -2179330.3136   4383218.8663   4091640.4553
 -2179348.4791   4383224.7726   4091634.2083
 -2179366.1808   4383229.0582   4091626.4582
 -2179383.6871   4383235.2826   4091620.0609
 -2179402.2669   4383242.5398   4091614.0257
 -2179420.1118   4383248.2695   4091607.4024
 -2179438.0704   4383253.1595   4091600.1637
 -2179455.9102   4383258.8492   4091593.2070
 -2179473.9315   4383264.5102   4091586.5127
 -2179491.1454   4383269.4060   4091579.0549
 -2179508.8665   4383274.4686   4091571.5863
 -2179527.3567   4383281.3736   4091565.8572
 -2179544.7441   4383285.5990   4091558.4663
 -2179562.6660   4383292.0206   4091551.2806
 -2179580.5164   4383297.0236   4091544.0863
 -2179598.5070   4383303.5650   4091538.3544
 -2179616.1652   4383308.0475   4091530.3531
 -2179634.6810   4383314.2199   4091523.7772
 -2179652.6854   4383321.1108   4091517.7126
 -2179670.4064   4383325.8185   4091510.1945
 -2179689.1426   4383332.9596   4091504.5054
 -2179706.9737   4383338.8184   4091497.4656
 -2179724.2092   4383343.4242   4091490.0389
 -2179741.8679   4383348.3911   4091482.7562
 -2179759.3012   4383352.9063   4091475.3558
 -2179778.0004   4383360.0372   4091469.5709
 -2179795.6096   4383365.8668   4091462.1772
 -2179814.0675   4383372.3135   4091455.8962
 -2179831.5958   4383376.1835   4091448.2658
 -2179849.7600   4383383.1697   4091442.4824
 -2179868.1483   4383389.6816   4091436.0744
 -2179885.8499   4383394.6298   4091428.2423
 -2179903.6767   4383399.9424   4091421.5334
 -2179921.9494   4383406.6292   4091415.5322
 -2179940.3467   4383413.2649   4091409.2320
 -2179958.4589   4383418.7131   4091402.3545
 -2179976.0884   4383424.0825   4091395.1957
 -2179993.1960   4383428.9531   4091388.1029
 -2180011.8521   4383436.4765   4091382.1367
 -2180029.7076   4383442.0090   4091375.3491
 -2180047.3159   4383447.1586   4091367.8810
 -2180064.0837   4383450.4602   4091359.7516
 -2180082.2327   4383455.8599   4091352.8536
 -2180101.2335   4383463.5986   4091347.2574
 -2180118.7473   4383468.2183   4091339.7224
 -2180137.2337   4383474.9860   4091333.6269
 -2180155.1274   4383481.1942   4091326.8195
 -2180172.1592   4383485.0080   4091318.5749
 -2180190.2397   4383491.5272   4091312.6945
 -2180208.3768   4383498.3159   4091306.7285
 -2180225.8998   4383502.8833   4091298.6790
 -2180243.6028   4383508.1020   4091291.2624
 -2180260.8336   4383512.5926   4091283.9947
 -2180279.7013   4383520.4557   4091278.8689
 -2180298.1799   4383526.8815   4091272.1584
 -2180315.7645   4383532.4373   4091265.3601
 -2180333.4428   4383537.5009   4091257.6676
 -2180351.6871   4383543.6012   4091251.6181
 -2180370.5729   4383550.7177   4091245.4741
 -2180388.5245   4383556.7092   4091239.1694
 -2180405.8707   4383561.7111   4091231.3750
 -2180423.3387   4383566.6359   4091223.9432
 -2180441.1790   4383572.3264   4091217.0780
 -2180459.1998   4383577.5433   4091210.3734
 -2180477.2964   4383584.0638   4091203.9548
 -2180494.8960   4383588.2440   4091196.6193
 -2180512.6339   4383594.2885   4091189.9387
 -2180530.9115   4383600.6822   4091183.5983
 -2180549.1274   4383607.9032   4091177.5047
 -2180567.0962   4383612.7825   4091170.2164
 -2180584.7222   4383618.3565   4091163.2682
 -2180602.5574   4383624.0819   4091156.5664
 -2180620.7723   4383629.4061   4091149.1895
 -2180638.3885   4383635.4448   4091142.6619
 -2180656.0438   4383640.7736   4091135.5112
 -2180673.8797   4383646.6625   4091128.9184
 -2180692.2286   4383651.8547   4091121.6392
 -2180709.6530   4383658.2702   4091115.6035
 -2180727.1504   4383663.0993   4091107.9883
 -2180745.3817   4383669.1303   4091101.0676
 -2180763.5890   4383675.1431   4091094.4770
 -2180780.6953   4383680.0131   4091087.2554
 -2180799.1256   4383686.6398   4091080.7668
 -2180816.8385   4383691.8362   4091073.8250
 -2180834.9785   4383699.0256   4091067.5119
 -2180853.5543   4383704.9121   4091061.2821
 -2180870.9184   4383710.1179   4091053.6757
 -2180888.8956   4383716.2957   4091047.4845
 -2180906.8674   4383721.9279   4091040.5033
 -2180924.8413   4383727.6991   4091033.5537
 -2180942.7478   4383732.7141   4091026.3994
 -2180959.9937   4383738.2985   4091019.8597
 -2180977.6839   4383743.4124   4091012.6633
 -2180996.2954   4383749.7301   4091005.8915
 -2181014.7406   4383757.7121   4091000.6545
 -2181032.3145   4383762.3768   4090993.2497
 -2181050.4824   4383768.5221   4090986.5387
 -2181067.9113   4383773.7330   4090979.7831
 -2181085.2767   4383778.1442   4090972.0137
 -2181104.1931   4383785.8753   4090966.2642
 -2181121.3235   4383790.6530   4090958.4932
 -2181139.0768   4383795.5205   4090951.0172
 -2181157.2617   4383801.6295   4090944.5028
 -2181174.9335   4383807.0208   4090937.2489
 -2181193.4180   4383814.1992   4090931.5953
 -2181211.2754   4383819.9880   4090924.6352
 -2181228.2593   4383823.4136   4090916.8111
 -2181246.1027   4383829.3271   4090909.8134
 -2181264.7218   4383835.8778   4090903.8104
 -2181282.4105   4383842.1066   4090897.0845
 -2181299.9291   4383846.9412   4090890.1255
 -2181317.8674   4383852.6595   4090882.9076
 -2181336.1816   4383859.4069   4090877.1821
 -2181354.1706   4383865.5996   4090870.4585
 -2181372.2134   4383871.0025   4090863.6964
 -2181390.3233   4383877.0170   4090856.6128
 -2181407.4278   4383881.5841   4090849.1187
 -2181425.6002   4383888.2932   4090842.5024
 -2181443.9243   4383894.3457   4090835.8340
 -2181461.6566   4383898.9428   4090828.6283
 -2181479.4715   4383904.9735   4090822.0204
 -2181497.6027   4383910.9075   4090814.9990
 -2181516.0330   4383917.7021   4090809.0790
 -2181533.3275   4383922.0060   4090801.7561
 -2181550.2918   4383926.2103   4090793.6651
 -2181569.3264   4383933.5995   4090788.2550
 -2181586.9432   4383939.8336   4090781.4699
 -2181605.1660   4383946.0371   4090775.0715
 -2181623.4905   4383951.2980   4090767.7176
 -2181641.0164   4383956.4192   4090760.3050
 -2181658.5955   4383961.9521   4090753.7162
 -2181676.6175   4383968.2053   4090747.0622
 -2181694.0724   4383973.3700   4090739.8775
 -2181712.4551   4383979.4450   4090733.7499
 -2181730.3528   4383985.0642   4090726.7457
 -2181748.8112   4383990.9712   4090719.6611
 -2181765.7508   4383996.2308   4090712.6041
 -2181783.2438   4384001.4365   4090705.1249
 -2181801.7761   4384008.2800   4090699.3754
 -2181819.8647   4384013.5799   4090692.2594
 -2181837.9397   4384019.8356   4090685.9197
 -2181855.3337   4384024.3671   4090678.1660
 -2181872.9901   4384029.8621   4090671.0714
 -2181890.7449   4384036.0933   4090664.3927
 -2181909.5065   4384042.8531   4090658.5111
 -2181927.3228   4384049.3781   4090652.2967
 -2181945.7940   4384055.3528   4090645.9071
 -2181962.9704   4384060.0881   4090638.2782
 -2181980.6627   4384065.3030   4090631.0499
 -2181998.3682   4384070.5448   4090623.7529
 -2182016.4973   4384076.9262   4090617.6141
 -2182034.7370   4384083.0938   4090611.0562
 -2182053.1680   4384089.3117   4090604.6163
 -2182070.7932   4384094.7471   4090597.4576
 -2182087.7610   4384099.4852   4090589.9454
 -2182106.3423   4384106.3937   4090583.6995
 -2182124.9139   4384112.4229   4090576.9234
 -2182142.5071   4384117.9670   4090570.4432
 -2182159.6919   4384122.4475   4090562.6484
 -2182177.6730   4384128.4391   4090556.0385
 -2182195.1959   4384134.0491   4090549.1681
 -2182214.3121   4384141.1749   4090543.0689
 -2182232.1717   4384146.3044   4090535.8601
 -2182249.7521   4384151.2755   4090529.1066
 -2182267.2727   4384157.4204   4090522.4286
 -2182284.7986   4384162.1166   4090514.5623
 -2182303.5477   4384169.9414   4090508.6661
 -2182321.1402   4384175.1717   4090501.8527
 -2182338.4535   4384179.4739   4090494.1080
 -2182356.7894   4384185.8454   4090487.9223
 -2182374.9625   4384191.2349   4090480.4149
 -2182392.2108   4384196.5157   4090472.6871
 -2182410.8353   4384203.7822   4090467.8332
 -2182428.5532   4384208.4002   4090460.6292
 -2182446.7606   4384214.9580   4090454.2512
 -2182464.8081   4384220.8997   4090447.3609
 -2182482.3876   4384226.4791   4090440.6620
 -2182500.2188   4384232.3317   4090433.5506
 -2182517.4528   4384237.0967   4090425.9986
 -2182535.4861   4384242.3062   4090418.8714
 -2182553.5539   4384248.7318   4090412.3700
 -2182571.7633   4384255.5226   4090406.3413
 -2182589.7627   4384261.5146   4090399.9577
 -2182607.5137   4384267.2260   4090393.2790
 -2182625.0991   4384272.0698   4090385.2204
 -2182643.7279   4384278.6997   4090379.1318
 -2182661.6007   4384284.7393   4090372.7769
 -2182679.1569   4384289.9173   4090365.4428
 -2182696.8319   4384294.8669   4090358.3549
 -2182714.1716   4384300.3253   4090351.1068
 -2182732.6552   4384306.7135   4090344.8860
 -2182751.2841   4384313.3274   4090338.5581
 -2182768.4506   4384318.4648   4090331.4051
 -2182785.5719   4384323.1375   4090323.7891
 -2182803.8710   4384328.8499   4090316.9227
 -2182821.8835   4384335.5685   4090310.6477
 -2182840.2774   4384341.2878   4090303.9769
 -2182858.1706   4384347.1136   4090297.3011
 -2182875.8924   4384352.4972   4090290.1466
 -2182893.8370   4384358.6305   4090283.4618
 -2182911.8893   4384364.4994   4090276.5660
 -2182929.7934   4384369.0586   4090269.0275
 -2182947.1384   4384374.7592   4090261.9118
 -2182965.2830   4384381.3885   4090256.0610
 -2182982.9545   4384387.3057   4090249.8292
 -2183000.7677   4384392.5247   4090242.6937
 -2183018.8436   4384398.3142   4090235.8095
 -2183036.4386   4384403.7435   4090228.1854
 -2183054.7668   4384410.4429   4090221.9753
 -2183072.7968   4384416.0316   4090214.8865
 -2183091.0850   4384422.3825   4090209.0980
 -2183108.6065   4384427.7728   4090202.0435
 -2183126.6749   4384433.0872   4090194.5752
 -2183144.6911   4384438.7451   4090188.2445
 -2183161.8787   4384444.6686   4090181.3916
 -2183180.4873   4384451.1936   4090174.9885
 -2183198.3464   4384456.4641   4090168.3411
 -2183216.1324   4384461.5361   4090160.2927
 -2183233.0526   4384466.4228   4090153.1048
 -2183251.3074   4384473.0385   4090146.6286
 -2183269.2180   4384478.5325   4090139.8332
 -2183287.8168   4384485.1063   4090133.7876
 -2183304.9338   4384489.6571   4090125.8993
 -2183322.5522   4384495.8243   4090119.4405
 -2183341.4540   4384502.5657   4090113.7735
 -2183359.8199   4384508.7825   4090107.0568
 -2183377.2048   4384513.9016   4090099.4709
 -2183395.3200   4384519.4611   4090092.7284
 -2183413.2472   4384524.7435   4090085.7509
 -2183430.5818   4384530.1181   4090078.8405
 -2183448.3702   4384536.1305   4090071.5925
 -2183465.9987   4384541.4831   4090064.6175
 -2183484.5261   4384548.0299   4090058.1570
 -2183502.2810   4384553.2055   4090051.1622
 -2183520.4061   4384559.5018   4090044.9673
 -2183538.2761   4384565.0324   4090038.0474
 -2183555.7846   4384571.0711   4090031.1806
 -2183573.7956   4384576.4415   4090023.9798
 -2183591.9755   4384581.4721   4090017.1559
 -2183609.4919   4384587.6054   4090010.2471
 -2183627.3265   4384593.5784   4090003.4531
 -2183645.5427   4384598.2824   4089996.5251
 -2183663.7480   4384605.0874   4089990.1486
 -2183681.1146   4384610.5408   4089983.3892
 -2183698.7320   4384615.5827   4089975.3063
 -2183717.0668   4384621.9089   4089968.5652
 -2183735.2571   4384628.3266   4089963.0025
 -2183753.3570   4384633.9560   4089955.8634
 -2183771.3561   4384639.7929   4089949.5273
 -2183788.4303   4384644.7816   4089941.6861
 -2183806.9091   4384651.0724   4089935.5313
 -2183824.5534   4384656.7023   4089928.4144
 -2183842.6692   4384662.1468   4089921.6049
 -2183860.2814   4384667.8528   4089914.2333
 -2183878.0818   4384673.8285   4089907.8534
 -2183896.2579   4384679.5139   4089901.5059
 -2183913.8504   4384684.6100   4089894.2031
 -2183931.7258   4384690.8210   4089887.5380
 -2183949.5727   4384696.8137   4089880.6324
 -2183967.2997   4384702.1998   4089873.8121
 -2183985.1714   4384708.5964   4089866.8986
 -2184004.0073   4384714.3245   4089860.7672
 -2184021.7813   4384720.0841   4089853.3958
 -2184039.6295   4384725.9962   4089846.9430
 -2184057.5658   4384731.2125   4089839.6045
 -2184074.9420   4384737.0385   4089832.5442
 -2184093.5309   4384742.3681   4089826.4604
 -2184111.4820   4384748.6723   4089819.4750
 -2184128.7776   4384754.0249   4089812.2646
 -2184146.3512   4384759.1248   4089804.8895
 -2184164.5739   4384764.7644   4089797.8817
 -2184182.0523   4384770.5344   4089791.1345
 -2184200.4685   4384777.4116   4089785.4053
 -2184218.7902   4384783.4286   4089778.7437
 -2184236.7296   4384788.9180   4089771.8866
 -2184254.2259   4384794.3068   4089765.1129
 -2184272.1721   4384800.0961   4089758.3157
 -2184289.8801   4384805.6163   4089750.9628
 -2184308.0317   4384812.3076   4089744.3438
 -2184325.9857   4384817.6807   4089737.4946
 -2184343.5752   4384823.3936   4089731.3815
 -2184361.5597   4384829.1797   4089724.1044
 -2184380.0016   4384834.6773   4089716.7241
 -2184397.2076   4384840.3293   4089709.8142
 -2184415.2396   4384846.0396   4089703.4343
 -2184432.8725   4384852.1159   4089697.2953
 -2184451.2568   4384857.6931   4089689.9669
 -2184468.8519   4384863.3640   4089683.0420
 -2184486.9376   4384869.0097   4089676.0728
 -2184504.5867   4384875.3801   4089669.5388
 -2184522.4257   4384880.5332   4089662.9220
 -2184540.2600   4384886.0432   4089655.1367
 -2184559.0005   4384892.3846   4089648.9773
 -2184575.9359   4384898.0249   4089641.7709
 -2184593.5288   4384903.4821   4089634.7584
 -2184612.0285   4384909.5934   4089628.4805
 -2184630.3017   4384914.9915   4089621.6404
 -2184648.0923   4384921.1096   4089614.9475
 -2184665.9210   4384926.9439   4089608.3360
 -2184683.4707   4384932.7235   4089601.6537
 -2184701.9649   4384939.1515   4089595.4283
 -2184719.7902   4384944.2810   4089588.1348
 -2184737.6303   4384950.0264   4089581.1517
 -2184755.5295   4384955.5187   4089574.0610
 -2184773.6018   4384961.3277   4089567.2294
 -2184791.4200   4384966.9067   4089560.3325
 -2184808.9820   4384972.5271   4089553.6862
 -2184827.2054   4384979.2555   4089547.3514
 -2184844.7459   4384984.1989   4089540.2067
 -2184862.7060   4384990.1133   4089532.9592
 -2184880.3150   4384995.3859   4089526.1480
 -2184898.4854   4385000.7417   4089518.6012
 -2184916.5422   4385006.9330   4089512.3285
 -2184934.4556   4385013.1283   4089505.9752
 -2184953.1439   4385019.0835   4089499.3902
 -2184971.0323   4385025.0012   4089492.4935
 -2184988.6772   4385030.4702   4089485.5856
 -2185005.8602   4385035.8539   4089478.6306
 -2185023.7829   4385041.3478   4089471.1879
 -2185041.2767   4385047.4118   4089464.4643
 -2185059.4950   4385052.9612   4089457.5647
 -2185077.2037   4385058.5857   4089450.6305
 -2185095.0305   4385064.2481   4089443.6309
 -2185112.9899   4385070.1036   4089437.1658
 -2185131.4069   4385076.1949   4089430.6274
 -2185149.1070   4385081.7835   4089423.6626
 -2185167.1435   4385087.7549   4089417.1559
 -2185185.4511   4385093.7064   4089410.3779
 -2185203.4360   4385099.4196   4089403.2330
 -2185220.5325   4385104.7856   4089397.0177
 -2185238.7514   4385110.4291   4089389.7671
 -2185257.4929   4385116.7607   4089383.0963
 -2185274.3365   4385121.8261   4089375.4688
 -2185291.8786   4385127.2645   4089368.1237
 -2185310.4950   4385133.3531   4089361.9952
 -2185328.8166   4385139.2299   4089355.5594
 -2185346.0909   4385144.7660   4089348.4141
 -2185364.3982   4385150.6888   4089341.9025
 -2185382.5354   4385156.8155   4089335.6074
 -2185400.0485   4385162.4203   4089328.4395
 -2185417.3032   4385167.5116   4089320.8060
 -2185435.4253   4385173.1577   4089314.0042
 -2185454.1991   4385179.6651   4089307.6771
 -2185471.5588   4385185.1146   4089300.8106
 -2185489.5075   4385190.6586   4089293.9830
 -2185507.0759   4385196.4150   4089287.1307
 -2185524.9147   4385202.4535   4089280.5391
 -2185543.3485   4385208.2795   4089274.1584
 -2185561.4075   4385213.9801   4089267.1472
 -2185578.6441   4385219.9957   4089259.9836
 -2185596.6980   4385225.9063   4089252.9303
 -2185615.0237   4385231.2614   4089246.0707
 -2185633.0408   4385237.0257   4089239.4693
 -2185650.5232   4385242.5627   4089232.6043
 -2185668.1601   4385248.3261   4089225.6474
 -2185686.6784   4385254.3967   4089219.4377
 -2185704.2774   4385259.7516   4089211.7820
 -2185721.9727   4385264.8740   4089204.7493
 -2185739.9439   4385271.1312   4089198.3020
 -2185758.2699   4385277.4801   4089191.6633
 -2185775.9537   4385282.7030   4089184.6079
 -2185793.5497   4385288.2810   4089177.5748
 -2185811.8241   4385293.7279   4089170.7195
 -2185828.8266   4385299.7502   4089163.8311
 -2185846.9818   4385305.6199   4089157.0047
 -2185865.0948   4385311.2108   4089150.3872
 -2185882.8815   4385316.7416   4089143.3852
 -2185900.6640   4385322.5897   4089136.7309
 -2185918.2516   4385328.4602   4089129.6913
 -2185937.0327   4385334.7950   4089123.5824
 -2185954.8161   4385340.5096   4089116.5256
 -2185972.8128   4385345.9409   4089109.4151
 -2185990.3712   4385351.1350   4089102.0020
 -2186008.3167   4385356.9253   4089094.9747
 -2186026.7155   4385363.2476   4089089.4920
 -2186044.2822   4385368.4551   4089082.3448
 -2186062.2923   4385374.6535   4089075.6711
 -2186080.1790   4385379.9122   4089067.9716
 -2186097.9329   4385385.8160   4089061.6250
 -2186115.5114   4385391.6388   4089054.7557
 -2186133.3179   4385397.4799   4089047.8794
 -2186151.6024   4385402.8629   4089040.7223
 -2186169.2319   4385408.1348   4089033.9731
 -2186187.2101   4385415.1076   4089028.1632
 -2186205.5032   4385420.7052   4089020.3565
 -2186223.3404   4385426.3773   4089013.7638
 -2186240.9069   4385431.6552   4089007.2683
 -2186258.6646   4385437.3998   4089000.1602
 -2186277.4353   4385443.5995   4088993.5275
 -2186295.0375   4385449.8864   4088986.5876
 -2186312.8215   4385455.2310   4088979.9242
 -2186330.9670   4385460.4806   4088973.1293
 -2186348.5368   4385466.3834   4088965.8978
 -2186366.4470   4385472.7006   4088959.7886
 -2186384.8954   4385478.4296   4088952.6684
 -2186401.6520   4385483.4913   4088945.7171
 -2186419.9457   4385489.0094   4088938.7198
 -2186438.3748   4385495.2670   4088932.0213
 -2186456.6110   4385500.9753   4088925.2236
 -2186474.2171   4385506.4598   4088918.3283
 -2186491.9550   4385512.3401   4088911.3817
 -2186509.3729   4385517.9225   4088904.5131
 -2186527.4001   4385524.2643   4088898.1978
 -2186545.2509   4385529.8537   4088890.8661
 -2186562.9872   4385534.4029   4088883.4885
 -2186581.2495   4385540.8576   4088876.8149
 -2186599.7518   4385547.7308   4088871.3332
 -2186617.2627   4385552.6279   4088863.7107
 -2186635.0285   4385558.4661   4088856.8378
 -2186652.0648   4385563.3510   4088849.2560
 -2186670.6476   4385569.3253   4088842.7258
 -2186688.6050   4385575.9873   4088836.7759
 -2186706.4903   4385581.3925   4088829.5541
 -2186724.3447   4385587.0102   4088822.6540
 -2186742.1004   4385592.8383   4088815.8840
 -2186760.2328   4385599.2030   4088809.2510
 -2186778.0348   4385604.7144   4088802.7390
 -2186796.4416   4385610.4480   4088795.7906
 -2186813.6813   4385615.6783   4088788.2566
 -2186831.3059   4385621.1798   4088781.5937
 -2186849.7403   4385627.1086   4088774.5631
 -2186867.8940   4385633.1577   4088768.2296
 -2186885.4808   4385638.8889   4088760.9377
 -2186904.0086   4385644.9772   4088754.4056
 -2186921.2871   4385650.4061   4088747.3913
 -2186939.4997   4385656.4276   4088740.9414
 -2186957.4768   4385662.4724   4088734.0552
 -2186974.9238   4385667.6316   4088727.2655
 -2186992.4472   4385672.8667   4088720.1745
 -2187011.0127   4385679.0488   4088713.3941
 -2187028.8882   4385684.3459   4088706.5226
 -2187046.8510   4385691.0453   4088700.6129
 -2187064.7070   4385696.2838   4088693.0245
 -2187082.3786   4385702.1158   4088686.0159
 -2187099.7357   4385707.6870   4088679.3096
 -2187118.3123   4385713.3091   4088672.1058
 -2187136.5792   4385719.4036   4088665.6069
 -2187154.2251   4385725.0273   4088659.0575
 -2187172.3279   4385730.6096   4088652.1086
 -2187190.1700   4385736.9749   4088645.8133
 -2187208.1360   4385742.3844   4088638.2552
 -2187226.0540   4385748.3191   4088631.6718
 -2187243.9011   4385753.6016   4088624.4462
 -2187261.3110   4385759.3836   4088617.7791
 -2187279.2810   4385764.7309   4088610.8790
 -2187297.4516   4385771.3893   4088604.2679
 -2187315.6806   4385777.3152   4088598.1718
 -2187332.9851   4385782.3339   4088590.6350
 -2187351.5963   4385788.6685   4088584.1472
 -2187369.6602   4385794.0670   4088577.4182
 -2187386.5244   4385799.7879   4088570.1485
 -2187405.1906   4385805.4870   4088563.2709
 -2187422.5513   4385810.7017   4088556.0709
 -2187440.6858   4385816.7158   4088549.2208
 -2187458.4195   4385822.4707   4088542.8884
 -2187476.0005   4385828.1867   4088536.1833
 -2187493.8959   4385834.0229   4088529.8770
 -2187511.9229   4385839.4191   4088521.4713
 -2187529.2649   4385845.1902   4088514.8524
 -2187547.5757   4385851.6149   4088509.3971
 -2187565.9030   4385857.2078   4088502.0464
 -2187583.7816   4385862.4339   4088494.7607
 -2187601.0977   4385868.4015   4088487.6485
 -2187618.7436   4385873.9281   4088480.7842
 -2187636.9812   4385879.3341   4088473.8215
 -2187655.1396   4385885.2271   4088467.4206
 -2187672.7675   4385890.7305   4088460.0243
 -2187690.9822   4385897.4290   4088453.6212
 -2187708.5058   4385902.6357   4088446.4774
 -2187727.1360   4385909.0709   4088440.5120
 -2187745.0069   4385914.1000   4088433.2754
 -2187762.7722   4385919.7357   4088426.2398
 -2187780.3543   4385925.4501   4088419.7476
 -2187798.0435   4385931.8115   4088413.4348
 -2187815.3271   4385936.8462   4088405.7888
 -2187834.2861   4385942.9698   4088399.0311
 -2187851.6958   4385948.4883   4088391.7807
 -2187869.9100   4385954.6275   4088385.3245
 -2187888.0525   4385960.6018   4088378.6294
 -2187905.9675   4385965.9109   4088371.4083
 -2187923.8475   4385972.0126   4088365.0797
 -2187941.2368   4385977.7055   4088358.3097
 -2187959.1599   4385983.1453   4088351.3419
 -2187977.5203   4385988.8632   4088344.2785
 -2187995.6411   4385995.0204   4088337.9450
 -2188012.8738   4386000.7591   4088331.4944
 -2188031.0452   4386006.3843   4088323.9855
 -2188048.2819   4386011.8574   4088316.8587
 -2188066.4239   4386017.2544   4088309.9665
 -2188085.0572   4386023.3843   4088303.9306
 -2188103.3001   4386029.6191   4088296.8993
 -2188120.8060   4386034.8467   4088289.6798
 -2188138.2647   4386040.8930   4088283.0916
 -2188156.2099   4386046.4596   4088276.2979
 -2188174.3092   4386052.4882   4088269.1727
 -2188192.4075   4386057.9132   4088262.5789
 -2188210.1877   4386064.0712   4088256.0627
 -2188227.3783   4386069.3566   4088248.7430
 -2188245.3280   4386075.2056   4088241.8966
 -2188263.2617   4386080.8885   4088235.3948
 -2188282.3009   4386087.0070   4088228.5797
 -2188299.8760   4386092.8168   4088222.0034
 -2188317.5046   4386098.4783   4088214.8959
 -2188335.6391   4386104.4109   4088208.1055
 -2188353.5264   4386109.6700   4088200.9590
 -2188370.9709   4386115.5715   4088194.2577
 -2188389.0261   4386121.5737   4088187.5365
 -2188407.0144   4386127.1045   4088180.0156
 -2188425.2360   4386132.8498   4088173.7636
 -2188442.9314   4386138.9534   4088166.7329
 -2188460.7357   4386144.5752   4088160.4546
 -2188478.9505   4386149.7793   4088153.2222
 -2188496.5430   4386154.9911   4088146.0052
 -2188514.4778   4386161.0054   4088139.2707
 -2188532.0388   4386167.4926   4088132.7743
 -2188549.6200   4386172.9090   4088125.6952
 -2188568.1248   4386178.6977   4088118.7577
 -2188585.9650   4386184.4087   4088112.3015
 -2188603.1502   4386189.8158   4088104.6643
 -2188621.1711   4386195.3393   4088098.0554
 -2188639.5454   4386201.6336   4088091.5077
 -2188657.6142   4386207.4741   4088084.7401
 -2188675.3901   4386212.9480   4088077.7752
 -2188693.1804   4386218.8820   4088071.2326
 -2188711.0482   4386225.1660   4088064.7043
 -2188729.3072   4386230.3734   4088057.5376
 -2188746.5449   4386235.7758   4088050.3207
 -2188764.7940   4386241.9028   4088043.8170
 -2188782.5112   4386247.3287   4088036.6535
 -2188799.7650   4386253.4827   4088029.7616
 -2188818.1930   4386258.8937   4088023.1584
 -2188835.9918   4386264.8860   4088016.2101
 -2188854.3558   4386270.7930   4088009.7534
 -2188872.4416   4386276.3146   4088002.6622
 -2188890.4919   4386282.3199   4087995.7651
 -2188908.2189   4386288.2154   4087989.5438
 -2188926.2600   4386293.9710   4087982.5197
 -2188943.9428   4386299.3957   4087975.3924
 -2188961.4907   4386304.6760   4087967.8267
 -2188979.0019   4386310.9382   4087961.4487
 -2188997.2810   4386317.0212   4087954.9107
 -2189016.1922   4386322.7478   4087948.8869
 -2189033.6105   4386327.6776   4087941.6783
EOF