 -2173831.5165   4381457.7296   4093730.2441
 -2173830.8580   4381458.9655   4093730.7992
 -2173831.3423   4381459.2525   4093730.9105
 -2173832.1176   4381459.4073   4093731.9475
 -2173831.3236   4381460.4310   4093731.9986
 -2173830.9059   4381460.6081   4093731.6777
 -2173831.6869   4381459.8608   4093731.0360
 -2173831.6082   4381459.9438   4093731.1819
 -2173831.9347   4381459.8079   4093730.7625
 -2173831.7971   4381459.8503   4093731.0738
 -2173831.7284   4381460.4583   4093731.2002
 -2173831.7500   4381459.8498   4093731.1093
 -2173831.3951   4381460.0877   4093731.4406
 -2173831.5640   4381459.5245   4093731.3827
 -2173832.1717   4381458.8299   4093731.6394
 -2173832.0641   4381459.3834   4093731.6744
 -2173831.8243   4381459.7717   4093732.0240
 -2173832.1437   4381459.3853   4093731.9128
 -2173831.9103   4381459.6301   4093731.7787
 -2173831.4027   4381459.9799   4093732.3881
 -2173831.4684   4381459.8826   4093732.4843
 -2173831.5090   4381459.7970   4093732.2955
 -2173831.5730   4381460.2531   4093732.3713
 -2173831.1718   4381460.6961   4093732.9380
 -2173830.9947   4381460.7379   4093732.9812
 -2173831.0035   4381461.1575   4093733.3679
 -2173831.3842   4381460.9060   4093733.0838
 -2173831.5472   4381460.5508   4093733.2286
 -2173831.5983   4381460.2462   4093733.2677
 -2173831.6061   4381460.1494   4093733.1833
 -2173831.4693   4381460.6265   4093733.1987
 -2173831.4589   4381460.5840   4093733.1813
 -2173831.3798   4381460.4269   4093733.4106
 -2173831.2613   4381460.2151   4093733.2741
 -2173831.3041   4381460.2972   4093733.3204
 -2173831.2683   4381460.2403   4093733.2694
 -2173831.1721   4381460.2334   4093733.2117
 -2173831.1202   4381459.7172   4093732.9793
 -2173831.1040   4381459.7625   4093732.9767
 -2173831.2687   4381459.5741   4093732.9227
 -2173831.2734   4381459.5401   4093732.9024
 -2173831.3336   4381459.3712   4093732.8071
 -2173831.3508   4381459.0556   4093732.6873
 -2173831.2939   4381458.9838   4093732.6616
 -2173831.3061   4381459.1597   4093732.6985
 -2173831.1761   4381459.2759   4093732.7088
 -2173831.1168   4381459.3290   4093732.6391
 -2173831.0760   4381459.2654   4093732.6010
 -2173831.1121   4381459.3113   4093732.6067
 -2173831.2152   4381459.3107   4093732.5328
 -2173831.2175   4381459.2945   4093732.5778
 -2173831.3267   4381459.2471   4093732.4108
 -2173831.2935   4381459.2619   4093732.4243
 -2173831.3666   4381459.4204   4093732.4946
 -2173831.3397   4381459.4941   4093732.5021
 -2173831.2965   4381459.5147   4093732.5152
 -2173831.3778   4381459.5734   4093732.5205
 -2173831.3596   4381459.5036   4093732.4561
 -2173831.4031   4381459.5223   4093732.4689
 -2173831.3970   4381459.5751   4093732.4743
 -2173831.3072   4381459.4501   4093732.4273
 -2173831.3190   4381459.1295   4093732.1595
 -2173831.3797   4381459.0301   4093732.1083
 -2173831.3497   4381458.9869   4093732.0738
 -2173831.3309   4381458.9620   4093732.0432
 -2173831.4232   4381458.9140   4093732.0939
 -2173831.3152   4381458.9428   4093732.1586
 -2173831.3438   4381458.9325   4093732.2114
 -2173831.2840   4381458.8153   4093732.0951
 -2173831.3470   4381459.0271   4093732.1961
 -2173831.3550   4381459.1740   4093732.2881
 -2173831.3855   4381459.1630   4093732.2660
 -2173831.3604   4381459.1833   4093732.2343
 -2173831.3642   4381459.1777   4093732.2139
 -2173831.3527   4381459.1778   4093732.2070
 -2173831.3430   4381459.1783   4093732.2113
 -2173831.3063   4381459.1049   4093732.1289
 -2173831.3047   4381459.0020   4093732.0757
 -2173831.2850   4381458.9091   4093731.9924
 -2173831.2766   4381458.9218   4093732.0069
 -2173831.2512   4381458.7974   4093731.9018
 -2173831.2559   4381458.8042   4093731.8822
 -2173831.3984   4381458.8024   4093731.8448
 -2173831.3802   4381458.8385   4093731.9046
 -2173831.4103   4381458.7902   4093731.8661
 -2173831.3991   4381458.8157   4093731.7903
 -2173831.4285   4381458.7901   4093731.7841
 -2173831.4457   4381458.7703   4093731.7822
 -2173831.5067   4381458.6674   4093731.6799
 -2173831.4678   4381458.8241   4093731.9001
 -2173831.4775   4381458.7739   4093731.8506
 -2173831.4888   4381458.7569   4093731.8806
 -2173831.5142   4381458.7408   4093731.9149
 -2173831.5456   4381458.6781   4093731.8573
 -2173831.5396   4381458.6418   4093731.7813
 -2173831.5279   4381458.6449   4093731.7690
 -2173831.4993   4381458.7350   4093731.8793
 -2173831.4962   4381458.6902   4093731.8525
 -2173831.4631   4381458.6738   4093731.8377
 -2173831.3766   4381458.8523   4093732.0162
 -2173831.3774   4381458.7439   4093731.8453
 -2173831.3813   4381458.7364   4093731.8498
 -2173831.3964   4381458.7932   4093731.8916
 -2173831.3784   4381458.7394   4093731.8102
 -2173831.3681   4381458.7779   4093731.8046
 -2173831.3672   4381458.7774   4093731.7834
 -2173831.4048   4381458.8171   4093731.8145
 -2173831.3963   4381458.7776   4093731.7864
 -2173831.3806   4381458.8085   4093731.7849
 -2173831.3676   4381458.7542   4093731.7158
 -2173831.3369   4381458.6856   4093731.6482
 -2173831.3349   4381458.6560   4093731.6639
 -2173831.3349   4381458.6634   4093731.6735
 -2173831.3513   4381458.7213   4093731.7132
 -2173831.3003   4381458.6959   4093731.7121
 -2173831.2699   4381458.6423   4093731.6743
 -2173831.2633   4381458.6490   4093731.6855
 -2173831.2899   4381458.7033   4093731.7420
 -2173831.3404   4381458.7567   4093731.8377
 -2173831.3624   4381458.7224   4093731.7734
 -2173831.3789   4381458.7049   4093731.7437
 -2173831.3749   4381458.7092   4093731.7485
 -2173831.3709   4381458.7181   4093731.7618
 -2173831.4071   4381458.7547   4093731.7936
 -2173831.3818   4381458.7176   4093731.7557
 -2173831.3664   4381458.7024   4093731.7352
 -2173831.3426   4381458.6493   4093731.6700
 -2173831.3402   4381458.6520   4093731.6738
 -2173831.3379   4381458.6336   4093731.6593
 -2173831.3435   4381458.6163   4093731.6292
 -2173831.3588   4381458.5644   4093731.5524
 -2173831.3763   4381458.5603   4093731.5344
 -2173831.3996   4381458.5800   4093731.5463
 -2173831.3799   4381458.5252   4093731.4983
 -2173831.3858   4381458.5452   4093731.5152
 -2173831.3846   4381458.5703   4093731.5362
 -2173831.3656   4381458.5234   4093731.4949
 -2173831.3709   4381458.5180   4093731.5034
 -2173831.3493   4381458.4931   4093731.4756
 -2173831.3337   4381458.4556   4093731.4436
 -2173831.3040   4381458.3751   4093731.3702
 -2173831.2916   4381458.3547   4093731.3499
 -2173831.3081   4381458.3387   4093731.3188
 -2173831.3179   4381458.3229   4093731.2892
 -2173831.3249   4381458.3297   4093731.2968
 -2173831.3414   4381458.3454   4093731.3127
 -2173831.3405   4381458.3639   4093731.3258
 -2173831.3284   4381458.3382   4093731.3013
 -2173831.3259   4381458.3445   4093731.3031
 -2173831.3373   4381458.3403   4093731.3004
 -2173831.3789   4381458.3967   4093731.3500
 -2173831.4249   4381458.4660   4093731.4094
 -2173831.4350   4381458.4824   4093731.4156
 -2173831.4333   4381458.4711   4093731.4076
 -2173831.4349   4381458.4515   4093731.3830
 -2173831.4183   4381458.4263   4093731.3562
 -2173831.4308   4381458.4814   4093731.3984
 -2173831.4314   4381458.4615   4093731.3772
 -2173831.4190   4381458.4375   4093731.3460
 -2173831.4165   4381458.4451   4093731.3535
 -2173831.3905   4381458.4059   4093731.3224
 -2173831.4865   4381458.5573   4093731.4639
 -2173831.4573   4381458.5278   4093731.4496
 -2173831.3675   4381458.3986   4093731.3571
 -2173831.3746   4381458.4008   4093731.3521
 -2173831.3989   4381458.4523   4093731.3982
 -2173831.3640   4381458.4033   4093731.3587
 -2173831.3739   4381458.4495   4093731.4050
 -2173831.4225   4381458.5254   4093731.4629
 -2173831.4347   4381458.5477   4093731.4787
 -2173831.3815   4381458.4403   4093731.4034
 -2173831.2802   4381458.2752   4093731.2567
 -2173831.2413   4381458.2663   4093731.2656
 -2173831.3122   4381458.3612   4093731.3459
 -2173831.2940   4381458.3460   4093731.3546
 -2173831.3560   4381458.4292   4093731.4402
 -2173831.3176   4381458.3540   4093731.3756
 -2173831.3217   4381458.3603   4093731.3826
 -2173831.3260   4381458.3572   4093731.4030
 -2173831.3283   4381458.3563   4093731.4024
 -2173831.2954   4381458.3208   4093731.3414
 -2173831.2883   4381458.3099   4093731.3248
 -2173831.2809   4381458.2967   4093731.2960
 -2173831.3213   4381458.3414   4093731.3500
 -2173831.3647   4381458.3813   4093731.3807
 -2173831.3666   4381458.3826   4093731.3825
 -2173831.3618   4381458.3658   4093731.3716
 -2173831.2590   4381458.1949   4093731.2194
 -2173831.2566   4381458.1938   4093731.2055
 -2173831.2967   4381458.2219   4093731.2549
 -2173831.2960   4381458.2300   4093731.2669
 -2173831.3046   4381458.2397   4093731.2821
 -2173831.2329   4381458.1296   4093731.1830
 -2173831.2610   4381458.1502   4093731.2181
 -2173831.2159   4381458.0631   4093731.1463
 -2173831.1907   4381458.0342   4093731.1372
 -2173831.1905   4381458.0452   4093731.1435
 -2173831.2140   4381458.1198   4093731.2011
 -2173831.2082   4381458.1049   4093731.1876
 -2173831.2058   4381458.1267   4093731.1964
 -2173831.2052   4381458.1327   4093731.2003
 -2173831.1927   4381458.1069   4093731.1763
 -2173831.1882   4381458.0990   4093731.1675
 -2173831.2111   4381458.1605   4093731.2063
 -2173831.2309   4381458.1923   4093731.2283
 -2173831.2473   4381458.2361   4093731.2477
 -2173831.2473   4381458.2312   4093731.2427
 -2173831.2298   4381458.1653   4093731.1865
 -2173831.2280   4381458.1531   4093731.1808
 -2173831.2216   4381458.1352   4093731.1763
 -2173831.2289   4381458.1310   4093731.1586
 -2173831.2255   4381458.1368   4093731.1532
 -2173831.2253   4381458.1377   4093731.1534
 -2173831.2265   4381458.0801   4093731.1089
 -2173831.2145   4381458.0420   4093731.0712
 -2173831.2370   4381458.1348   4093731.1636
 -2173831.2409   4381458.1361   4093731.1642
 -2173831.2181   4381458.0705   4093731.0990
 -2173831.2225   4381458.0763   4093731.1091
 -2173831.2380   4381458.0914   4093731.1128
 -2173831.2444   4381458.0912   4093731.1083
 -2173831.2632   4381458.1383   4093731.1517
 -2173831.2588   4381458.0593   4093731.0554
 -2173831.2790   4381458.0836   4093731.0676
 -2173831.2982   4381458.0895   4093731.0549
 -2173831.2973   4381458.0918   4093731.0565
 -2173831.3053   4381458.0890   4093731.0448
 -2173831.3122   4381458.1114   4093731.0661
 -2173831.3083   4381458.1041   4093731.0563
 -2173831.3099   4381458.0646   4093731.0041
 -2173831.3295   4381458.0530   4093730.9788
 -2173831.3282   4381458.0531   4093730.9771
 -2173831.3376   4381458.0143   4093730.9195
 -2173831.3160   4381458.0085   4093730.9201
 -2173831.3120   4381457.9890   4093730.9005
 -2173831.3148   4381458.0038   4093730.9129
 -2173831.3161   4381458.0603   4093730.9820
 -2173831.3182   4381458.0792   4093731.0073
 -2173831.3353   4381458.1244   4093731.0577
 -2173831.3395   4381458.1308   4093731.0678
 -2173831.3631   4381458.1840   4093731.1180
 -2173831.3817   4381458.2302   4093731.1653
 -2173831.3905   4381458.3005   4093731.2569
 -2173831.3970   4381458.2982   4093731.2514
 -2173831.4154   4381458.3684   4093731.3251
 -2173831.3904   4381458.3095   4093731.2546
 -2173831.4084   4381458.3158   4093731.2456
 -2173831.4016   4381458.3404   4093731.2772
 -2173831.4034   4381458.3485   4093731.2858
 -2173831.4115   4381458.3871   4093731.3442
 -2173831.4111   4381458.3848   4093731.3325
 -2173831.4289   4381458.3906   4093731.3177
 -2173831.4359   4381458.3992   4093731.3317
 -2173831.4346   4381458.3979   4093731.3319
 -2173831.4146   4381458.3846   4093731.3124
 -2173831.4016   4381458.3726   4093731.2962
 -2173831.4102   4381458.3775   4093731.2905
 -2173831.3988   4381458.3774   4093731.2875
 -2173831.4045   4381458.3619   4093731.2531
 -2173831.3771   4381458.3406   4093731.2222
 -2173831.3516   4381458.2810   4093731.1525
 -2173831.3614   4381458.2898   4093731.1542
 -2173831.3600   4381458.2865   4093731.1510
 -2173831.3434   4381458.2824   4093731.1595
 -2173831.3503   4381458.3008   4093731.1728
 -2173831.3146   4381458.2808   4093731.1528
 -2173831.2782   4381458.2484   4093731.1284
 -2173831.2712   4381458.2467   4093731.1267
 -2173831.2830   4381458.2526   4093731.1371
 -2173831.2864   4381458.2498   4093731.1379
 -2173831.3055   4381458.2597   4093731.1512
 -2173831.3195   4381458.2746   4093731.1455
 -2173831.3294   4381458.2777   4093731.1455
 -2173831.3397   4381458.2711   4093731.1544
 -2173831.3509   4381458.2822   4093731.1619
 -2173831.3591   4381458.2876   4093731.1434
 -2173831.3591   4381458.2793   4093731.1264
 -2173831.3825   4381458.2999   4093731.1259
 -2173831.3815   4381458.3055   4093731.1343
 -2173831.3579   4381458.2850   4093731.1301
 -2173831.3654   4381458.2938   4093731.1311
 -2173831.3973   4381458.3358   4093731.1531
 -2173831.3907   4381458.3308   4093731.1599
 -2173831.3973   4381458.3475   4093731.1721
 -2173831.3966   4381458.3383   4093731.1757
 -2173831.3871   4381458.3336   4093731.1867
 -2173831.4016   4381458.3544   4093731.2118
 -2173831.4164   4381458.3430   4093731.1861
 -2173831.4325   4381458.3563   4093731.1959
 -2173831.4249   4381458.3530   4093731.2009
 -2173831.4225   4381458.3459   4093731.1916
 -2173831.4431   4381458.3781   4093731.2200
 -2173831.4288   4381458.3502   4093731.1901
 -2173831.4219   4381458.3399   4093731.1857
 -2173831.4110   4381458.3191   4093731.1651
 -2173831.4013   4381458.3093   4093731.1567
 -2173831.4060   4381458.3235   4093731.1622
 -2173831.4039   4381458.3211   4093731.1628
 -2173831.4002   4381458.3144   4093731.1519
 -2173831.4052   4381458.3125   4093731.1501
 -2173831.4028   4381458.3128   4093731.1507
 -2173831.4001   4381458.3099   4093731.1487
 -2173831.3997   4381458.3106   4093731.1494
 -2173831.4049   4381458.3177   4093731.1576
 -2173831.4077   4381458.3238   4093731.1654
 -2173831.4025   4381458.3265   4093731.1696
 -2173831.4065   4381458.3270   4093731.1702
 -2173831.4025   4381458.3297   4093731.1721
 -2173831.4050   4381458.3331   4093731.1756
 -2173831.4128   4381458.3372   4093731.1771
 -2173831.4089   4381458.3328   4093731.1726
 -2173831.4088   4381458.3326   4093731.1715
 -2173831.4101   4381458.3367   4093731.1755
 -2173831.4045   4381458.3336   4093731.1773
 -2173831.3909   4381458.3245   4093731.1663
 -2173831.3832   4381458.3199   4093731.1625
 -2173831.3993   4381458.3275   4093731.1710
 -2173831.4001   4381458.3229   4093731.1679
 -2173831.4000   4381458.3227   4093731.1674
 -2173831.4038   4381458.3221   4093731.1634
 -2173831.3817   4381458.3029   4093731.1424
 -2173831.3850   4381458.3048   4093731.1443
 -2173831.3845   4381458.3062   4093731.1408
 -2173831.3718   4381458.2920   4093731.1279
 -2173831.3757   4381458.2956   4093731.1296
 -2173831.3690   4381458.2834   4093731.1168
 -2173831.3359   4381458.2696   4093731.1086
 -2173831.3134   4381458.2466   4093731.0827
 -2173831.2927   4381458.2435   4093731.0787
 -2173831.2481   4381458.2089   4093731.0468
 -2173831.2215   4381458.1959   4093731.0374
 -2173831.2326   4381458.2027   4093731.0475
 -2173831.2290   4381458.2000   4093731.0455
 -2173831.2158   4381458.1860   4093731.0247
 -2173831.2101   4381458.1809   4093731.0213
 -2173831.2176   4381458.1872   4093731.0228
 -2173831.2142   4381458.1831   4093731.0163
 -2173831.2288   4381458.1910   4093731.0313
 -2173831.2320   4381458.1905   4093731.0295
 -2173831.2317   4381458.1905   4093731.0290
 -2173831.2281   4381458.1893   4093731.0176
 -2173831.2307   4381458.1873   4093731.0146
 -2173831.2321   4381458.1856   4093731.0156
 -2173831.2349   4381458.1866   4093731.0157
 -2173831.2367   4381458.1863   4093731.0170
 -2173831.2346   4381458.1837   4093731.0113
 -2173831.2309   4381458.1829   4093731.0044
 -2173831.2384   4381458.1865   4093731.0151
 -2173831.2352   4381458.1877   4093731.0128
 -2173831.2316   4381458.1863   4093731.0112
 -2173831.2182   4381458.1728   4093730.9952
 -2173831.2097   4381458.1666   4093730.9859
 -2173831.2117   4381458.1651   4093730.9834
 -2173831.2197   4381458.1646   4093730.9837
 -2173831.2269   4381458.1661   4093730.9867
 -2173831.2314   4381458.1708   4093730.9904
 -2173831.2142   4381458.1578   4093730.9761
 -2173831.2143   4381458.1550   4093730.9743
 -2173831.2240   4381458.1670   4093730.9938
 -2173831.2256   4381458.1645   4093730.9907
 -2173831.2321   4381458.1662   4093730.9894
 -2173831.2219   4381458.1558   4093730.9852
 -2173831.2188   4381458.1589   4093730.9910
 -2173831.2188   4381458.1612   4093730.9922
 -2173831.1838   4381458.1403   4093730.9748
 -2173831.1851   4381458.1432   4093730.9805
 -2173831.1883   4381458.1430   4093730.9731
 -2173831.2046   4381458.1490   4093730.9742
 -2173831.2131   4381458.1476   4093730.9717
 -2173831.2074   4381458.1465   4093730.9710
 -2173831.2014   4381458.1459   4093730.9702
 -2173831.1898   4381458.1421   4093730.9713
 -2173831.1811   4381458.1458   4093730.9728
 -2173831.1829   4381458.1397   4093730.9679
 -2173831.1844   4381458.1453   4093730.9635
 -2173831.1893   4381458.1498   4093730.9609
 -2173831.1737   4381458.1501   4093730.9627
 -2173831.1758   4381458.1486   4093730.9625
 -2173831.1766   4381458.1527   4093730.9618
 -2173831.1518   4381458.1467   4093730.9641
 -2173831.1450   4381458.1460   4093730.9620
 -2173831.1661   4381458.1511   4093730.9626
 -2173831.1736   4381458.1549   4093730.9621
 -2173831.1875   4381458.1626   4093730.9549
 -2173831.1701   4381458.1564   4093730.9517
 -2173831.1689   4381458.1546   4093730.9474
 -2173831.1610   4381458.1534   4093730.9474
 -2173831.1620   4381458.1630   4093730.9499
 -2173831.1609   4381458.1676   4093730.9465
 -2173831.1609   4381458.1672   4093730.9455
 -2173831.1602   4381458.1657   4093730.9443
 -2173831.1296   4381458.1531   4093730.9376
 -2173831.1305   4381458.1541   4093730.9386
 -2173831.0935   4381458.1469   4093730.9385
 -2173831.0925   4381458.1481   4093730.9381
 -2173831.0949   4381458.1358   4093730.9289
 -2173831.0959   4381458.1368   4093730.9295
 -2173831.0941   4381458.1452   4093730.9357
 -2173831.0757   4381458.1471   4093730.9458
 -2173831.0519   4381458.1535   4093730.9515
 -2173831.0533   4381458.1532   4093730.9512
 -2173831.0554   4381458.1530   4093730.9507
 -2173831.0546   4381458.1528   4093730.9503
 -2173831.0487   4381458.1521   4093730.9492
 -2173831.0463   4381458.1516   4093730.9489
 -2173831.0445   4381458.1548   4093730.9514
 -2173831.0443   4381458.1549   4093730.9505
 -2173831.0411   4381458.1544   4093730.9493
 -2173831.0444   4381458.1538   4093730.9461
 -2173831.0408   4381458.1507   4093730.9397
 -2173831.0489   4381458.1591   4093730.9475
 -2173831.0626   4381458.1633   4093730.9518
 -2173831.0570   4381458.1606   4093730.9464
 -2173831.0522   4381458.1585   4093730.9396
 -2173831.0632   4381458.1587   4093730.9411
 -2173831.0679   4381458.1638   4093730.9466
 -2173831.0675   4381458.1647   4093730.9472
 -2173831.0730   4381458.1623   4093730.9448
 -2173831.0722   4381458.1663   4093730.9426
 -2173831.0628   4381458.1572   4093730.9303
 -2173831.0722   4381458.1666   4093730.9374
 -2173831.0663   4381458.1671   4093730.9343
 -2173831.0556   4381458.1614   4093730.9245
 -2173831.0674   4381458.1743   4093730.9357
 -2173831.0755   4381458.1764   4093730.9411
 -2173831.0602   4381458.1675   4093730.9301
 -2173831.0649   4381458.1651   4093730.9253
 -2173831.0637   4381458.1614   4093730.9227
 -2173831.0677   4381458.1672   4093730.9187
 -2173831.0738   4381458.1718   4093730.9206
 -2173831.0734   4381458.1765   4093730.9244
 -2173831.0546   4381458.1704   4093730.9195
 -2173831.0362   4381458.1713   4093730.9228
 -2173831.0476   4381458.1708   4093730.9258
 -2173831.0411   4381458.1668   4093730.9212
 -2173831.0375   4381458.1698   4093730.9121
 -2173831.0294   4381458.1655   4093730.9077
 -2173831.0297   4381458.1667   4093730.9087
 -2173831.0300   4381458.1671   4093730.9083
 -2173831.0428   4381458.1701   4093730.9156
 -2173831.0363   4381458.1841   4093730.9308
 -2173831.0451   4381458.1740   4093730.9170
 -2173831.0433   4381458.1776   4093730.9213
 -2173831.0344   4381458.1824   4093730.9249
 -2173831.0424   4381458.1832   4093730.9286
 -2173831.0335   4381458.1884   4093730.9281
 -2173831.0275   4381458.1811   4093730.9182
 -2173831.0223   4381458.1790   4093730.9131
 -2173831.0188   4381458.1899   4093730.9249
 -2173830.9941   4381458.1899   4093730.9228
 -2173830.9800   4381458.1781   4093730.9070
 -2173830.9814   4381458.1790   4093730.9080
 -2173830.9700   4381458.1830   4093730.9117
 -2173830.9663   4381458.1823   4093730.9087
 -2173830.9622   4381458.1830   4093730.9101
 -2173830.9564   4381458.1862   4093730.9073
 -2173830.9507   4381458.1866   4093730.9014
 -2173830.9629   4381458.1833   4093730.8980
 -2173830.9651   4381458.1857   4093730.8997
 -2173830.9658   4381458.1846   4093730.8992
 -2173830.9789   4381458.1803   4093730.9032
 -2173830.9712   4381458.1894   4093730.9133
 -2173830.9594   4381458.1954   4093730.9193
 -2173830.9469   4381458.1967   4093730.9226
 -2173830.9440   4381458.1936   4093730.9198
 -2173830.9385   4381458.1979   4093730.9215
 -2173830.9477   4381458.1999   4093730.9292
 -2173830.9414   4381458.1999   4093730.9297
 -2173830.9421   4381458.2052   4093730.9345
 -2173830.9428   4381458.2052   4093730.9334
 -2173830.9349   4381458.2058   4093730.9343
 -2173830.9219   4381458.2194   4093730.9444
 -2173830.9045   4381458.2353   4093730.9640
 -2173830.9034   4381458.2409   4093730.9682
 -2173830.8661   4381458.2526   4093730.9781
 -2173830.8372   4381458.2470   4093730.9582
 -2173830.8617   4381458.2340   4093730.9604
 -2173830.8509   4381458.2343   4093730.9572
 -2173830.8582   4381458.2346   4093730.9621
 -2173830.8689   4381458.2155   4093730.9471
 -2173830.8690   4381458.2096   4093730.9455
 -2173830.8812   4381458.2120   4093730.9472
 -2173830.8870   4381458.2122   4093730.9483
 -2173830.8808   4381458.2215   4093730.9500
 -2173830.8795   4381458.1992   4093730.9208
 -2173830.8922   4381458.1930   4093730.9174
 -2173830.8973   4381458.2012   4093730.9267
 -2173830.8854   4381458.2103   4093730.9244
 -2173830.8881   4381458.2057   4093730.9175
 -2173830.9054   4381458.2078   4093730.9303
 -2173830.9054   4381458.2049   4093730.9266
 -2173830.8990   4381458.2004   4093730.9191
 -2173830.9044   4381458.2054   4093730.9238
 -2173830.9064   4381458.2037   4093730.9226
 -2173830.9193   4381458.2147   4093730.9322
 -2173830.9123   4381458.2091   4093730.9228
 -2173830.9136   4381458.2118   4093730.9226
 -2173830.9140   4381458.2121   4093730.9232
 -2173830.9079   4381458.2067   4093730.9151
 -2173830.9221   4381458.2267   4093730.9339
 -2173830.9264   4381458.2322   4093730.9402
 -2173830.9301   4381458.2408   4093730.9441
 -2173830.9344   4381458.2430   4093730.9472
 -2173830.9263   4381458.2241   4093730.9255
 -2173830.9225   4381458.2145   4093730.9147
 -2173830.9229   4381458.2203   4093730.9210
 -2173830.9168   4381458.2147   4093730.9164
 -2173830.9222   4381458.2203   4093730.9219
 -2173830.9236   4381458.2228   4093730.9228
 -2173830.9125   4381458.2035   4093730.9010
 -2173830.9270   4381458.2190   4093730.9136
 -2173830.9445   4381458.2396   4093730.9378
 -2173830.9561   4381458.2576   4093730.9552
 -2173830.9546   4381458.2536   4093730.9524
 -2173830.9669   4381458.2518   4093730.9559
 -2173830.9669   4381458.2426   4093730.9489
 -2173830.9537   4381458.2209   4093730.9298
 -2173830.9463   4381458.2187   4093730.9302
 -2173830.9481   4381458.2280   4093730.9387
 -2173830.9489   4381458.2275   4093730.9380
 -2173830.9452   4381458.2355   4093730.9466
 -2173830.9516   4381458.2454   4093730.9595
 -2173830.9505   4381458.2434   4093730.9557
 -2173830.9402   4381458.2293   4093730.9349
 -2173830.9459   4381458.2438   4093730.9418
 -2173830.9503   4381458.2499   4093730.9476
 -2173830.9456   4381458.2433   4093730.9395
 -2173830.9421   4381458.2379   4093730.9311
 -2173830.9436   4381458.2745   4093730.9675
 -2173830.9437   4381458.2753   4093730.9679
 -2173830.9548   4381458.2824   4093730.9756
 -2173830.9581   4381458.3031   4093730.9959
 -2173830.9558   4381458.2774   4093730.9586
 -2173830.9562   4381458.2763   4093730.9573
 -2173830.9506   4381458.2504   4093730.9238
 -2173830.9393   4381458.2354   4093730.9025
 -2173830.9402   4381458.2214   4093730.8991
 -2173830.9466   4381458.2348   4093730.9148
 -2173830.9524   4381458.2400   4093730.9211
 -2173830.9505   4381458.2411   4093730.9211
 -2173830.9591   4381458.2521   4093730.9316
 -2173830.9589   4381458.2492   4093730.9295
 -2173830.9601   4381458.2464   4093730.9337
 -2173830.9568   4381458.2422   4093730.9242
 -2173830.9584   4381458.2446   4093730.9255
 -2173830.9562   4381458.2420   4093730.9265
 -2173830.9543   4381458.2330   4093730.9216
 -2173830.9518   4381458.2294   4093730.9136
 -2173830.9535   4381458.2343   4093730.9160
 -2173830.9545   4381458.2335   4093730.9154
 -2173830.9547   4381458.2329   4093730.9143
 -2173830.9549   4381458.2357   4093730.9167
 -2173830.9560   4381458.2395   4093730.9184
 -2173830.9601   4381458.2465   4093730.9206
 -2173830.9587   4381458.2468   4093730.9207
 -2173830.9452   4381458.2188   4093730.9055
 -2173830.9448   4381458.2149   4093730.9026
 -2173830.9501   4381458.2227   4093730.9076
 -2173830.9573   4381458.2282   4093730.9102
 -2173830.9512   4381458.2116   4093730.8995
 -2173830.9541   4381458.2152   4093730.9002
 -2173830.9592   4381458.2171   4093730.9024
 -2173830.9570   4381458.2164   4093730.9000
 -2173830.9570   4381458.2100   4093730.8958
 -2173830.9602   4381458.2118   4093730.8954
 -2173830.9610   4381458.2147   4093730.8966
 -2173830.9495   4381458.2056   4093730.8888
 -2173830.9521   4381458.2079   4093730.8898
 -2173830.9468   4381458.1973   4093730.8807
 -2173830.9406   4381458.1977   4093730.8795
 -2173830.9427   4381458.1974   4093730.8816
 -2173830.9357   4381458.1883   4093730.8783
 -2173830.9286   4381458.1826   4093730.8745
 -2173830.9281   4381458.1820   4093730.8733
 -2173830.9273   4381458.1883   4093730.8758
 -2173830.9277   4381458.1901   4093730.8782
 -2173830.9307   4381458.1884   4093730.8772
 -2173830.9214   4381458.1681   4093730.8612
 -2173830.9179   4381458.1776   4093730.8669
 -2173830.9287   4381458.1887   4093730.8797
 -2173830.9281   4381458.1969   4093730.8880
 -2173830.9312   4381458.1928   4093730.8887
 -2173830.9391   4381458.2121   4093730.9042
 -2173830.9460   4381458.2144   4093730.9119
 -2173830.9448   4381458.2140   4093730.9084
 -2173830.9514   4381458.2086   4093730.9095
 -2173830.9539   4381458.2107   4093730.9127
 -2173830.9617   4381458.2192   4093730.9225
 -2173830.9643   4381458.2107   4093730.9191
 -2173830.9633   4381458.2234   4093730.9262
 -2173830.9698   4381458.2259   4093730.9356
 -2173830.9722   4381458.2221   4093730.9329
 -2173830.9677   4381458.2152   4093730.9210
 -2173830.9687   4381458.2256   4093730.9311
 -2173830.9651   4381458.2139   4093730.9165
 -2173830.9657   4381458.2168   4093730.9179
 -2173830.9670   4381458.2183   4093730.9204
 -2173830.9641   4381458.2097   4093730.9109
 -2173830.9638   4381458.2001   4093730.8990
 -2173830.9607   4381458.2014   4093730.8995
 -2173830.9659   4381458.2171   4093730.9202
 -2173830.9700   4381458.2239   4093730.9348
 -2173830.9708   4381458.2287   4093730.9433
 -2173830.9779   4381458.2446   4093730.9678
 -2173830.9796   4381458.2408   4093730.9630
 -2173830.9836   4381458.2558   4093730.9825
 -2173830.9833   4381458.2506   4093730.9754
 -2173830.9845   4381458.2544   4093730.9857
 -2173830.9834   4381458.2335   4093730.9605
 -2173830.9743   4381458.2044   4093730.9230
 -2173830.9790   4381458.2122   4093730.9333
 -2173830.9811   4381458.2180   4093730.9387
 -2173830.9825   4381458.2209   4093730.9406
 -2173830.9816   4381458.2149   4093730.9338
 -2173830.9900   4381458.2391   4093730.9591
 -2173830.9934   4381458.2514   4093730.9729
 -2173830.9921   4381458.2516   4093730.9720
 -2173830.9966   4381458.2604   4093730.9801
 -2173830.9956   4381458.2628   4093730.9825
 -2173830.9918   4381458.2594   4093730.9798
 -2173830.9918   4381458.2595   4093730.9796
 -2173830.9928   4381458.2488   4093730.9707
 -2173830.9913   4381458.2395   4093730.9634
 -2173831.0012   4381458.2529   4093730.9710
 -2173831.0002   4381458.2601   4093730.9776
 -2173830.9966   4381458.2582   4093730.9802
 -2173830.9977   4381458.2506   4093730.9750
 -2173831.0111   4381458.2705   4093730.9912
 -2173831.0159   4381458.2764   4093730.9962
 -2173831.0163   4381458.2818   4093731.0013
 -2173831.0149   4381458.2839   4093731.0051
 -2173831.0140   4381458.2818   4093731.0041
 -2173831.0149   4381458.2762   4093730.9994
 -2173831.0171   4381458.2746   4093730.9987
 -2173831.0199   4381458.2876   4093731.0120
 -2173831.0180   4381458.2909   4093731.0135
 -2173831.0184   4381458.3037   4093731.0266
 -2173831.0173   4381458.2957   4093731.0202
 -2173831.0214   4381458.2968   4093731.0270
 -2173831.0342   4381458.2944   4093731.0198
 -2173831.0230   4381458.2936   4093731.0271
 -2173831.0295   4381458.2987   4093731.0276
 -2173831.0310   4381458.3066   4093731.0300
 -2173831.0305   4381458.3074   4093731.0316
 -2173831.0286   4381458.3372   4093731.0624
 -2173831.0293   4381458.3370   4093731.0623
 -2173831.0340   4381458.3445   4093731.0678
 -2173831.0287   4381458.3202   4093731.0431
 -2173831.0303   4381458.3188   4093731.0415
 -2173831.0234   4381458.3137   4093731.0425
 -2173831.0215   4381458.3032   4093731.0309
 -2173831.0267   4381458.3278   4093731.0580
 -2173831.0207   4381458.3633   4093731.0982
 -2173831.0164   4381458.3500   4093731.0816
 -2173831.0146   4381458.3638   4093731.0990
 -2173831.0210   4381458.3720   4093731.1024
 -2173831.0243   4381458.3619   4093731.0923
 -2173831.0041   4381458.3467   4093731.0844
 -2173831.0049   4381458.3446   4093731.0790
 -2173831.0033   4381458.3019   4093731.0350
 -2173831.0041   4381458.3022   4093731.0347
 -2173831.0118   4381458.3070   4093731.0296
 -2173831.0120   4381458.3025   4093731.0259
 -2173831.0132   4381458.3058   4093731.0276
 -2173831.0142   4381458.2924   4093731.0130
 -2173831.0096   4381458.2864   4093731.0137
 -2173831.0095   4381458.2827   4093731.0092
 -2173831.0081   4381458.2829   4093731.0107
 -2173831.0080   4381458.2757   4093731.0043
 -2173831.0117   4381458.2851   4093731.0093
 -2173831.0146   4381458.2956   4093731.0145
 -2173831.0106   4381458.3121   4093731.0301
 -2173831.0051   4381458.3071   4093731.0310
 -2173831.0028   4381458.3070   4093731.0295
 -2173830.9988   4381458.2716   4093730.9896
 -2173830.9993   4381458.2749   4093730.9931
 -2173830.9965   4381458.2707   4093730.9924
 -2173830.9900   4381458.2337   4093730.9488
 -2173830.9871   4381458.2234   4093730.9397
 -2173830.9903   4381458.2395   4093730.9576
 -2173830.9919   4381458.2329   4093730.9492
 -2173830.9881   4381458.2309   4093730.9512
 -2173830.9936   4381458.2148   4093730.9222
 -2173830.9941   4381458.2151   4093730.9194
 -2173830.9942   4381458.2155   4093730.9192
 -2173830.9958   4381458.2165   4093730.9212
 -2173830.9888   4381458.2131   4093730.9244
 -2173830.9999   4381458.2172   4093730.9207
 -2173830.9998   4381458.2171   4093730.9202
 -2173831.0024   4381458.2199   4093730.9182
 -2173830.9981   4381458.2209   4093730.9211
 -2173831.0026   4381458.2225   4093730.9211
 -2173831.0056   4381458.2245   4093730.9207
 -2173831.0050   4381458.2252   4093730.9216
 -2173831.0093   4381458.2276   4093730.9174
 -2173831.0117   4381458.2220   4093730.9164
 -2173831.0094   4381458.2224   4093730.9175
 -2173831.0067   4381458.2144   4093730.9063
 -2173831.0113   4381458.2135   4093730.9105
 -2173831.0153   4381458.2110   4093730.9071
 -2173831.0178   4381458.1995   4093730.8970
 -2173831.0196   4381458.2026   4093730.9007
 -2173831.0227   4381458.2019   4093730.8988
 -2173831.0191   4381458.2051   4093730.9022
 -2173831.0069   4381458.2004   4093730.9026
 -2173830.9999   4381458.1992   4093730.9019
 -2173831.0109   4381458.2084   4093730.9054
 -2173831.0227   4381458.2236   4093730.9151
 -2173831.0254   4381458.2366   4093730.9282
 -2173831.0263   4381458.2515   4093730.9386
 -2173831.0259   4381458.2504   4093730.9395
 -2173831.0338   4381458.2596   4093730.9488
 -2173831.0293   4381458.2532   4093730.9370
 -2173831.0187   4381458.2395   4093730.9230
 -2173831.0274   4381458.2554   4093730.9471
 -2173831.0271   4381458.2478   4093730.9413
 -2173831.0224   4381458.2470   4093730.9426
 -2173831.0254   4381458.2419   4093730.9463
 -2173831.0275   4381458.2623   4093730.9605
 -2173831.0259   4381458.2701   4093730.9667
 -2173831.0244   4381458.2941   4093730.9850
 -2173831.0217   4381458.3068   4093730.9953
 -2173831.0178   4381458.3089   4093730.9911
 -2173831.0118   4381458.3259   4093730.9988
 -2173831.0138   4381458.3361   4093731.0083
 -2173831.0172   4381458.3379   4093731.0135
 -2173831.0131   4381458.3392   4093731.0106
 -2173831.0129   4381458.3449   4093731.0160
 -2173831.0218   4381458.3269   4093731.0089
 -2173831.0210   4381458.3200   4093731.0048
 -2173831.0229   4381458.3201   4093731.0052
 -2173831.0282   4381458.3110   4093730.9997
 -2173831.0294   4381458.3126   4093731.0045
 -2173831.0285   4381458.3133   4093731.0055
 -2173831.0276   4381458.3254   4093731.0149
 -2173831.0260   4381458.3315   4093731.0185
 -2173831.0193   4381458.3356   4093731.0125
 -2173831.0155   4381458.3556   4093731.0235
 -2173831.0135   4381458.3634   4093731.0202
 -2173831.0146   4381458.3621   4093731.0198
 -2173831.0163   4381458.3489   4093731.0145
 -2173831.0189   4381458.3752   4093731.0360
 -2173831.0240   4381458.3704   4093731.0388
 -2173831.0299   4381458.3625   4093731.0399
 -2173831.0279   4381458.3675   4093731.0416
 -2173831.0314   4381458.3394   4093731.0238
 -2173831.0295   4381458.3461   4093731.0255
 -2173831.0292   4381458.3467   4093731.0265
 -2173831.0285   4381458.3491   4093731.0272
 -2173831.0297   4381458.3483   4093731.0285
 -2173831.0344   4381458.3524   4093731.0362
 -2173831.0342   4381458.3518   4093731.0352
 -2173831.0321   4381458.3535   4093731.0332
 -2173831.0312   4381458.3575   4093731.0361
 -2173831.0260   4381458.3593   4093731.0303
 -2173831.0269   4381458.3517   4093731.0263
 -2173831.0267   4381458.3564   4093731.0317
 -2173831.0371   4381458.3617   4093731.0450
 -2173831.0367   4381458.3624   4093731.0477
 -2173831.0341   4381458.3763   4093731.0534
 -2173831.0332   4381458.3793   4093731.0544
 -2173831.0303   4381458.3795   4093731.0530
 -2173831.0348   4381458.3847   4093731.0622
 -2173831.0349   4381458.3845   4093731.0619
 -2173831.0414   4381458.3886   4093731.0660
 -2173831.0431   4381458.3894   4093731.0678
 -2173831.0413   4381458.3849   4093731.0614
 -2173831.0417   4381458.3649   4093731.0504
 -2173831.0302   4381458.3421   4093731.0204
 -2173831.0315   4381458.3425   4093731.0212
 -2173831.0318   4381458.3442   4093731.0231
 -2173831.0312   4381458.3454   4093731.0240
 -2173831.0326   4381458.3484   4093731.0276
 -2173831.0329   4381458.3500   4093731.0269
 -2173831.0299   4381458.3495   4093731.0268
 -2173831.0296   4381458.3499   4093731.0273
 -2173831.0300   4381458.3523   4093731.0273
 -2173831.0275   4381458.3587   4093731.0263
 -2173831.0275   4381458.3558   4093731.0313
 -2173831.0289   4381458.3565   4093731.0310
 -2173831.0288   4381458.3576   4093731.0328
 -2173831.0327   4381458.3544   4093731.0342
 -2173831.0319   4381458.3558   4093731.0346
 -2173831.0343   4381458.3546   4093731.0309
 -2173831.0353   4381458.3536   4093731.0331
 -2173831.0354   4381458.3570   4093731.0346
 -2173831.0365   4381458.3613   4093731.0394
 -2173831.0411   4381458.3600   4093731.0349
 -2173831.0424   4381458.3573   4093731.0339
 -2173831.0397   4381458.3669   4093731.0464
 -2173831.0399   4381458.3671   4093731.0421
 -2173831.0395   4381458.3679   4093731.0428
 -2173831.0396   4381458.3684   4093731.0429
 -2173831.0374   4381458.3769   4093731.0445
 -2173831.0326   4381458.3821   4093731.0525
 -2173831.0356   4381458.3786   4093731.0450
 -2173831.0344   4381458.3759   4093731.0436
 -2173831.0372   4381458.3824   4093731.0441
 -2173831.0354   4381458.3864   4093731.0531
 -2173831.0315   4381458.3838   4093731.0530
 -2173831.0307   4381458.3797   4093731.0517
 -2173831.0307   4381458.3779   4093731.0509
 -2173831.0360   4381458.3723   4093731.0466
 -2173831.0289   4381458.3853   4093731.0645
 -2173831.0306   4381458.3897   4093731.0698
 -2173831.0337   4381458.3812   4093731.0655
 -2173831.0291   4381458.3665   4093731.0518
 -2173831.0271   4381458.3761   4093731.0622
 -2173831.0230   4381458.3808   4093731.0698
 -2173831.0223   4381458.3812   4093731.0693
 -2173831.0311   4381458.3696   4093731.0524
 -2173831.0318   4381458.3695   4093731.0520
 -2173831.0357   4381458.3725   4093731.0538
 -2173831.0314   4381458.3637   4093731.0431
 -2173831.0327   4381458.3630   4093731.0420
 -2173831.0391   4381458.3555   4093731.0313
 -2173831.0402   4381458.3582   4093731.0328
 -2173831.0402   4381458.3585   4093731.0331
 -2173831.0406   4381458.3578   4093731.0320
 -2173831.0377   4381458.3625   4093731.0371
 -2173831.0388   4381458.3721   4093731.0436
 -2173831.0423   4381458.3683   4093731.0388
 -2173831.0378   4381458.3710   4093731.0425
 -2173831.0439   4381458.3832   4093731.0577
 -2173831.0429   4381458.3743   4093731.0479
 -2173831.0373   4381458.3857   4093731.0625
 -2173831.0433   4381458.3838   4093731.0623
 -2173831.0345   4381458.3602   4093731.0349
 -2173831.0297   4381458.3547   4093731.0299
 -2173831.0364   4381458.3624   4093731.0395
 -2173831.0362   4381458.3618   4093731.0393
 -2173831.0401   4381458.3530   4093731.0297
 -2173831.0404   4381458.3552   4093731.0327
 -2173831.0500   4381458.3725   4093731.0491
 -2173831.0501   4381458.3723   4093731.0484
 -2173831.0523   4381458.3697   4093731.0443
 -2173831.0550   4381458.3727   4093731.0480
 -2173831.0547   4381458.3791   4093731.0545
 -2173831.0605   4381458.3852   4093731.0611
 -2173831.0621   4381458.3736   4093731.0482
 -2173831.0587   4381458.3789   4093731.0520
 -2173831.0604   4381458.3802   4093731.0531
 -2173831.0570   4381458.3901   4093731.0630
 -2173831.0516   4381458.3988   4093731.0732
 -2173831.0549   4381458.4036   4093731.0766
 -2173831.0602   4381458.4047   4093731.0776
 -2173831.0588   4381458.4006   4093731.0727
 -2173831.0584   4381458.3992   4093731.0707
 -2173831.0676   4381458.3964   4093731.0676
 -2173831.0645   4381458.4028   4093731.0738
 -2173831.0644   4381458.4016   4093731.0707
EOF