 -2180213.9837   4394323.7552   4078354.7636
 -2180241.0180   4394331.3109   4078342.2324
 -2180267.6044   4394339.9851   4078332.4372
 -2180294.4380   4394347.3191   4078321.2790
 -2180321.4119   4394357.0386   4078312.2872
 -2180347.8470   4394366.0677   4078303.2018
 -2180374.1282   4394375.8587   4078294.7429
 -2180401.2755   4394383.4731   4078283.1108
 -2180428.5288   4394391.6438   4078272.6942
 -2180455.6165   4394400.6827   4078261.9822
 -2180482.0486   4394407.8039   4078250.7059
 -2180508.6960   4394416.7473   4078241.0972
 -2180536.4738   4394424.8276   4078229.1102
 -2180563.4706   4394434.1703   4078220.0234
 -2180590.6410   4394441.0043   4078208.5333
 -2180617.4736   4394449.7236   4078197.9324
 -2180644.3586   4394458.1961   4078187.7231
 -2180670.8632   4394466.9515   4078177.9824
 -2180697.4741   4394473.7488   4078167.1039
 -2180724.3703   4394482.3154   4078156.4523
 -2180750.6286   4394490.8460   4078146.9881
 -2180777.3553   4394500.1241   4078137.9587
 -2180804.2456   4394507.5575   4078127.4085
 -2180830.3576   4394516.7961   4078118.0616
 -2180857.2090   4394524.8224   4078106.9879
 -2180884.7118   4394534.1591   4078097.0861
 -2180911.6088   4394542.6120   4078087.4554
 -2180938.5415   4394551.5983   4078077.5129
 -2180965.8004   4394560.5365   4078067.0074
 -2180993.1908   4394570.9722   4078056.9983
 -2181019.8548   4394579.1167   4078046.6245
 -2181046.9206   4394588.4909   4078037.7272
 -2181073.6817   4394597.4408   4078027.6228
 -2181100.2879   4394605.7157   4078016.8555
 -2181127.3529   4394614.5219   4078007.0426
 -2181154.0507   4394624.7292   4077998.5998
 -2181180.6049   4394633.1484   4077988.6212
 -2181207.9025   4394641.5831   4077977.2189
 -2181235.5778   4394651.9354   4077967.7579
 -2181262.1709   4394660.3682   4077957.7587
 -2181288.5860   4394666.7090   4077946.4385
 -2181315.5568   4394674.9818   4077936.5349
 -2181342.4914   4394683.7493   4077925.8653
 -2181369.3344   4394692.6967   4077915.8623
 -2181395.8128   4394699.9814   4077905.2877
 -2181422.3603   4394708.4693   4077895.1032
 -2181449.2344   4394716.2157   4077883.2938
 -2181477.0921   4394725.8134   4077872.9167
 -2181504.0688   4394735.7650   4077863.4540
 -2181531.4509   4394746.5916   4077854.6431
 -2181558.0960   4394753.8854   4077843.7077
 -2181584.6288   4394761.3381   4077833.0763
 -2181611.3369   4394770.2320   4077823.6256
 -2181638.7481   4394779.8928   4077813.2774
 -2181664.8972   4394787.4071   4077802.4139
 -2181691.7243   4394796.1418   4077792.3921
 -2181719.1259   4394805.0725   4077782.2218
 -2181746.3123   4394815.5703   4077772.9892
 -2181773.3371   4394823.4804   4077762.3821
 -2181800.7872   4394832.1476   4077752.2269
 -2181827.4671   4394839.6661   4077741.2455
 -2181854.0349   4394849.7747   4077731.4697
 -2181880.3618   4394857.5698   4077720.5403
 -2181907.4504   4394865.0577   4077710.1346
 -2181934.0820   4394873.7494   4077699.9364
 -2181960.8979   4394881.9329   4077689.4800
 -2181988.0323   4394891.3309   4077679.1597
 -2182015.4136   4394899.9669   4077668.9444
 -2182042.1312   4394909.1443   4077659.1080
 -2182068.7604   4394917.8609   4077649.3564
 -2182095.8307   4394926.3848   4077639.3366
 -2182122.8482   4394934.4732   4077628.7513
 -2182149.7957   4394942.6014   4077617.8179
 -2182176.5922   4394951.8628   4077607.6623
 -2182203.3667   4394960.4924   4077597.6747
 -2182230.3529   4394968.8796   4077587.6341
 -2182257.5274   4394978.6486   4077578.1078
 -2182284.3992   4394986.3953   4077567.2546
 -2182311.4791   4394995.1203   4077557.4273
 -2182337.3945   4395002.5065   4077546.3676
 -2182364.2694   4395011.0112   4077536.1943
 -2182391.0692   4395020.1108   4077526.4673
 -2182417.7762   4395028.4824   4077515.6408
 -2182444.5354   4395036.4453   4077505.5541
 -2182471.6457   4395045.4660   4077495.8346
 -2182497.9693   4395052.9214   4077484.3550
 -2182524.8182   4395062.2532   4077474.4442
 -2182551.5388   4395068.2883   4077462.9832
 -2182578.5237   4395078.3512   4077453.3400
 -2182605.6994   4395087.1218   4077443.7368
 -2182631.9894   4395095.6235   4077433.2656
 -2182658.7651   4395103.6494   4077422.6719
 -2182684.9603   4395111.4934   4077411.8981
 -2182712.7662   4395120.0485   4077401.7480
 -2182739.5245   4395129.7957   4077392.3807
 -2182766.4042   4395138.8681   4077382.7726
 -2182792.8792   4395147.2597   4077372.2303
 -2182819.7207   4395156.3409   4077362.8755
 -2182846.6879   4395164.0922   4077351.9828
 -2182873.0256   4395172.7099   4077341.6585
 -2182900.0555   4395181.2105   4077331.3743
 -2182927.2036   4395190.4388   4077321.8270
 -2182953.8650   4395198.4284   4077310.7800
 -2182980.6780   4395206.7181   4077300.5418
 -2183008.0947   4395214.6771   4077290.1230
 -2183034.6894   4395223.9254   4077280.4990
 -2183060.9277   4395231.3244   4077269.5935
 -2183087.4774   4395238.9476   4077259.1111
 -2183114.3369   4395246.9451   4077248.4651
 -2183141.3052   4395255.9350   4077238.0369
 -2183168.0388   4395263.4502   4077227.3204
 -2183195.6031   4395273.7234   4077218.1149
 -2183222.7702   4395281.2585   4077207.2211
 -2183249.6783   4395290.7003   4077197.8770
 -2183276.3302   4395299.4882   4077187.7391
 -2183303.2419   4395307.8773   4077177.0306
 -2183330.0237   4395316.3446   4077166.5247
 -2183356.8671   4395325.5182   4077156.6832
 -2183384.4591   4395333.6644   4077146.0706
 -2183411.1687   4395343.3981   4077137.1335
 -2183437.8851   4395351.3701   4077126.4615
 -2183464.8078   4395359.7801   4077116.4042
 -2183491.6076   4395367.6942   4077105.3424
 -2183518.3467   4395375.4017   4077094.4881
 -2183544.8996   4395384.4308   4077084.2376
 -2183572.2115   4395394.4486   4077075.2096
 -2183598.7317   4395401.0865   4077063.6043
 -2183625.6910   4395409.8147   4077053.4015
 -2183652.8499   4395418.8275   4077043.9803
 -2183679.7066   4395426.3203   4077033.0976
 -2183707.0634   4395434.1826   4077022.5181
 -2183733.3648   4395442.4845   4077011.5547
 -2183760.4996   4395451.2237   4077001.6152
 -2183787.2208   4395461.0689   4076992.0624
 -2183814.1496   4395469.1024   4076981.4670
 -2183840.7373   4395477.2695   4076971.0251
 -2183868.0450   4395485.2651   4076960.3990
 -2183894.8728   4395494.1980   4076950.6376
 -2183921.5952   4395503.1372   4076940.9451
 -2183948.2042   4395511.2612   4076929.9531
 -2183975.2473   4395519.7601   4076919.6745
 -2184002.0759   4395527.8595   4076909.4142
 -2184028.7542   4395537.1245   4076899.2097
 -2184055.8021   4395546.1835   4076889.0290
 -2184082.5655   4395555.4213   4076879.3945
 -2184109.1617   4395564.1082   4076869.4368
 -2184136.4034   4395571.6591   4076858.5732
 -2184162.8421   4395579.4667   4076847.4880
 -2184190.4150   4395589.6242   4076838.7583
 -2184217.4571   4395598.7700   4076828.5857
 -2184244.1111   4395607.8503   4076818.2720
 -2184270.3996   4395616.1315   4076808.0531
 -2184297.2748   4395624.0789   4076797.4548
 -2184323.7994   4395632.3047   4076786.6539
 -2184350.8909   4395641.5695   4076776.8863
 -2184378.1802   4395650.4992   4076766.7736
 -2184404.6180   4395658.1029   4076756.6393
 -2184432.1227   4395667.4864   4076746.7871
 -2184458.6181   4395675.2472   4076735.8342
 -2184485.7431   4395683.7187   4076725.7779
 -2184512.5349   4395692.6538   4076715.4074
 -2184539.4210   4395701.6200   4076705.6613
 -2184566.5699   4395710.9457   4076695.7798
 -2184593.2878   4395719.9376   4076685.2865
 -2184620.3387   4395727.9113   4076675.0805
 -2184647.0983   4395735.8745   4076664.6143
 -2184674.0561   4395744.4965   4076654.7425
 -2184700.9069   4395752.5394   4076643.7647
 -2184727.8414   4395760.8848   4076633.6636
 -2184754.9440   4395768.7134   4076623.1995
 -2184781.8482   4395778.0713   4076613.4467
 -2184808.3534   4395786.9279   4076603.1767
 -2184835.1386   4395795.3778   4076592.9007
 -2184861.9750   4395804.2343   4076582.7884
 -2184889.3999   4395813.0920   4076572.9037
 -2184915.9399   4395821.8460   4076562.8480
 -2184942.5914   4395829.6249   4076551.4412
 -2184970.2164   4395838.5776   4076541.8440
 -2184996.6833   4395846.3734   4076531.0664
 -2185023.7831   4395854.7577   4076520.9233
 -2185051.4681   4395865.4483   4076511.7163
 -2185078.2722   4395875.0147   4076502.3937
 -2185104.9553   4395882.7988   4076491.3133
 -2185131.9132   4395891.7194   4076481.0624
 -2185159.2368   4395900.3142   4076471.0243
 -2185185.3012   4395907.6848   4076460.1223
 -2185212.1822   4395915.2297   4076449.0366
 -2185238.9363   4395924.3048   4076439.5943
 -2185265.8023   4395933.7369   4076429.6502
 -2185292.4535   4395942.8519   4076419.6069
 -2185319.4181   4395951.0655   4076409.2362
 -2185347.1054   4395960.2478   4076399.4258
 -2185373.4654   4395968.5368   4076388.8385
 -2185399.4552   4395975.2707   4076377.5930
 -2185426.3548   4395984.1925   4076367.5796
 -2185453.2334   4395993.2294   4076357.5340
 -2185480.3220   4396001.0129   4076346.9316
 -2185507.1354   4396009.6475   4076336.7345
 -2185534.5154   4396019.8837   4076327.7432
 -2185561.2398   4396028.0977   4076317.1142
 -2185587.8268   4396035.9328   4076306.1543
 -2185614.3577   4396044.8569   4076295.8157
 -2185640.9109   4396054.0471   4076285.8878
 -2185668.3428   4396061.9376   4076275.9963
 -2185694.7690   4396070.6925   4076265.7543
 -2185721.4383   4396079.4687   4076255.1817
 -2185748.2430   4396088.4857   4076244.8625
 -2185775.4627   4396097.7937   4076235.5496
 -2185801.7486   4396105.1208   4076224.3093
 -2185828.3759   4396112.2248   4076213.1934
 -2185854.9375   4396121.1695   4076203.1947
 -2185882.5829   4396131.1856   4076194.0313
 -2185910.1885   4396139.8728   4076183.7951
 -2185936.8324   4396148.4038   4076173.4121
 -2185963.1763   4396156.1695   4076162.6651
 -2185990.3291   4396164.7592   4076152.5143
 -2186017.5229   4396174.0215   4076142.7281
 -2186043.7259   4396181.0086   4076131.4493
 -2186070.5195   4396188.9831   4076121.0825
 -2186097.4874   4396197.8406   4076111.2951
 -2186124.7394   4396206.4267   4076101.1322
 -2186152.6658   4396217.1075   4076092.1553
 -2186179.2395   4396225.4535   4076081.8453
 -2186205.6056   4396234.1439   4076071.5500
 -2186232.3859   4396241.2113   4076060.0358
 -2186259.1848   4396250.1844   4076050.5435
 -2186285.8302   4396258.2019   4076039.7990
 -2186312.5868   4396267.3417   4076029.3729
 -2186339.6553   4396274.8609   4076018.8541
 -2186367.0511   4396284.1427   4076009.2258
 -2186393.1650   4396291.0772   4075997.8901
 -2186420.4057   4396300.0051   4075987.6758
 -2186447.5119   4396309.3558   4075977.8140
 -2186474.5704   4396318.4056   4075967.9732
 -2186501.1064   4396325.6716   4075957.2278
 -2186528.5961   4396336.1383   4075948.3016
 -2186554.9247   4396343.9147   4075937.0975
 -2186581.1143   4396350.2696   4075925.4389
 -2186607.8751   4396359.1147   4075915.6905
 -2186635.0844   4396368.0691   4075905.4333
 -2186662.1038   4396376.8025   4075895.3585
 -2186688.7810   4396385.4671   4075885.0949
 -2186716.4084   4396395.6636   4075876.4681
 -2186743.1656   4396404.3071   4075866.3952
 -2186770.0388   4396412.8119   4075855.5418
 -2186796.6423   4396421.3024   4075844.8649
 -2186823.1675   4396428.7403   4075833.8163
 -2186849.9072   4396437.0001   4075823.3801
 -2186876.8855   4396446.4858   4075814.1884
 -2186903.6723   4396454.8384   4075803.8102
 -2186930.5967   4396463.1616   4075793.3263
 -2186958.0250   4396472.1360   4075783.5318
 -2186984.3313   4396480.6346   4075772.7025
 -2187010.6484   4396487.5257   4075761.3226
 -2187038.2926   4396498.6174   4075752.8801
 -2187064.7409   4396506.4539   4075742.0409
 -2187091.8826   4396515.0053   4075731.8948
 -2187119.0182   4396524.7372   4075722.3213
 -2187145.8054   4396533.4058   4075712.4971
 -2187172.1341   4396540.3927   4075700.9069
 -2187198.8251   4396549.5632   4075690.6447
 -2187225.6245   4396556.5317   4075679.6628
 -2187252.6145   4396565.6961   4075669.8970
 -2187279.3237   4396574.4728   4075659.5971
 -2187306.0495   4396583.5651   4075649.7730
 -2187332.8188   4396592.0034   4075639.8648
 -2187360.2727   4396600.5150   4075629.5303
 -2187387.2382   4396610.0227   4075619.4813
 -2187413.1893   4396617.7467   4075608.6176
 -2187440.7790   4396626.6904   4075598.4665
 -2187467.2826   4396634.2823   4075587.8132
 -2187494.1794   4396642.4615   4075577.1596
 -2187521.0370   4396651.6125   4075567.5549
 -2187548.1037   4396660.8645   4075557.8336
 -2187575.6878   4396671.3150   4075548.7151
 -2187601.9504   4396677.7918   4075536.9094
 -2187628.3510   4396685.3799   4075525.8088
 -2187655.4910   4396695.2522   4075516.7811
 -2187682.4214   4396703.7489   4075506.7474
 -2187709.6808   4396713.1244   4075496.8254
 -2187735.9138   4396720.8805   4075485.9259
 -2187763.3844   4396730.1923   4075476.2960
 -2187790.2829   4396738.6973   4075465.5264
 -2187817.1865   4396746.8962   4075455.6801
 -2187843.9874   4396755.9357   4075445.8532
 -2187870.2521   4396763.0264   4075434.0983
 -2187896.7494   4396771.1508   4075423.7940
 -2187923.7357   4396779.5743   4075412.9315
 -2187951.4466   4396790.3188   4075404.4558
 -2187977.7564   4396796.9627   4075392.9193
 -2188004.8664   4396807.2178   4075384.0348
 -2188032.2666   4396816.6927   4075374.1705
 -2188058.3895   4396823.8124   4075362.8773
 -2188085.6348   4396832.2584   4075352.7750
 -2188112.7986   4396841.6897   4075343.2790
 -2188139.1769   4396849.1406   4075331.8184
 -2188165.8755   4396858.1791   4075321.4698
 -2188193.6199   4396867.9089   4075312.2409
 -2188219.4026   4396874.7060   4075300.8656
 -2188246.7515   4396883.6514   4075290.9457
 -2188272.9322   4396891.8632   4075280.4232
 -2188299.1399   4396898.8553   4075269.3661
 -2188327.0936   4396908.5109   4075259.7233
 -2188353.6123   4396917.0933   4075249.4579
 -2188380.2799   4396926.0315   4075239.2715
 -2188407.0858   4396935.0366   4075229.4178
 -2188434.0340   4396942.4575   4075218.8416
 -2188461.2743   4396952.0874   4075208.8171
 -2188488.0416   4396961.9072   4075199.1258
 -2188515.2249   4396971.0437   4075189.7243
 -2188542.0923   4396978.9474   4075178.8183
 -2188568.1716   4396985.1679   4075167.2442
 -2188595.6635   4396995.6318   4075158.6516
 -2188622.2633   4397003.2423   4075147.1301
 -2188649.1022   4397012.5726   4075137.0987
 -2188676.3771   4397021.1087   4075126.9900
 -2188702.7122   4397029.6873   4075117.0078
 -2188729.6412   4397037.9737   4075106.2970
 -2188756.7666   4397047.1864   4075096.7310
 -2188783.5058   4397056.2512   4075086.7644
 -2188810.1542   4397063.4650   4075075.2768
 -2188836.8516   4397070.9680   4075064.7046
 -2188863.5438   4397079.4017   4075054.0236
 -2188890.4192   4397089.1998   4075044.4405
 -2188917.6287   4397098.1355   4075034.1710
 -2188944.6568   4397106.7098   4075024.6000
 -2188971.4763   4397115.4785   4075014.6855
 -2188998.0583   4397122.7383   4075003.2133
 -2189025.7649   4397133.3619   4074994.5427
 -2189052.6167   4397140.9503   4074983.5664
 -2189078.7813   4397148.3470   4074972.6560
 -2189105.8049   4397157.4768   4074962.7586
 -2189132.3262   4397165.1217   4074951.5193
 -2189160.1656   4397174.9897   4074942.4443
 -2189186.3179   4397182.1783   4074931.3161
 -2189214.0577   4397192.3268   4074921.6898
 -2189240.5201   4397201.0586   4074911.8541
 -2189267.1200   4397208.9621   4074900.8357
 -2189293.8833   4397216.2923   4074890.4852
 -2189321.2212   4397225.8920   4074880.5156
 -2189348.1120   4397234.2123   4074870.1642
 -2189374.4786   4397243.3543   4074859.8668
 -2189401.4010   4397250.8447   4074849.0342
 -2189427.8319   4397258.0777   4074838.0364
 -2189454.8325   4397266.9961   4074827.8694
 -2189482.6656   4397277.2981   4074818.7779
 -2189509.0455   4397285.1899   4074808.0813
 -2189535.6980   4397293.1129   4074797.3690
 -2189562.8323   4397302.6112   4074787.5043
 -2189590.1305   4397312.1585   4074777.8583
 -2189616.7172   4397320.8386   4074767.8484
 -2189643.7122   4397330.2011   4074758.3771
 -2189670.7595   4397338.2570   4074747.9143
 -2189698.1696   4397348.0204   4074737.8681
 -2189723.4340   4397354.0664   4074726.0995
 -2189750.5398   4397362.8297   4074716.0749
 -2189778.2021   4397372.8720   4074706.8596
 -2189804.9890   4397380.7892   4074695.8354
 -2189831.7395   4397389.3859   4074685.8610
 -2189857.6812   4397397.6469   4074675.3056
 -2189885.7450   4397407.4700   4074666.0946
 -2189911.8035   4397414.6493   4074654.6205
 -2189938.4983   4397422.3338   4074643.7282
 -2189965.5249   4397431.1970   4074633.6351
 -2189992.2656   4397439.7127   4074623.6617
 -2190019.0995   4397448.3507   4074613.0582
 -2190046.6629   4397457.6149   4074603.0492
 -2190073.0653   4397466.6351   4074593.0595
 -2190100.5206   4397476.0701   4074583.7611
 -2190127.2017   4397484.1344   4074573.1479
 -2190154.4726   4397493.7570   4074563.8460
 -2190180.8117   4397502.0823   4074553.0076
 -2190207.6244   4397509.3784   4074541.8356
 -2190234.0743   4397517.3897   4074531.3938
 -2190260.8083   4397526.1289   4074520.9687
 -2190287.7845   4397534.8007   4074511.1475
 -2190314.8401   4397542.9505   4074500.5496
 -2190341.3513   4397550.2869   4074489.5280
 -2190369.2425   4397561.3577   4074480.7723
 -2190395.1162   4397568.2856   4074469.6032
 -2190421.7771   4397577.3184   4074459.6274
 -2190448.7176   4397585.2017   4074448.9980
 -2190475.8418   4397594.1806   4074438.7503
 -2190503.2413   4397603.8761   4074429.4950
 -2190529.1224   4397611.5199   4074418.1106
 -2190555.6598   4397618.8698   4074407.2235
 -2190583.2627   4397628.1923   4074397.2091
 -2190610.4274   4397637.2670   4074387.2837
 -2190636.8339   4397645.2970   4074376.7390
 -2190663.4130   4397654.2307   4074366.7074
 -2190690.6834   4397662.9184   4074356.9645
 -2190718.4855   4397673.0687   4074347.5448
 -2190744.4163   4397681.1620   4074337.0221
 -2190771.3824   4397689.6343   4074326.6738
 -2190797.9843   4397697.7384   4074315.7961
 -2190825.4362   4397706.4044   4074305.4944
 -2190851.8114   4397714.0593   4074294.6364
 -2190878.1482   4397722.6440   4074284.4583
 -2190905.3127   4397731.1727   4074274.1737
 -2190931.9760   4397739.0572   4074263.4542
 -2190959.0001   4397748.3197   4074253.4552
 -2190986.1632   4397757.4915   4074244.0888
 -2191013.2951   4397766.4803   4074234.2841
 -2191040.0231   4397774.6120   4074223.1111
 -2191065.8457   4397782.4338   4074212.2586
 -2191092.8075   4397790.9574   4074201.8092
 -2191119.8103   4397799.2150   4074191.7885
 -2191146.4166   4397807.4799   4074180.7908
 -2191174.3518   4397818.0186   4074172.1602
 -2191201.1644   4397826.8038   4074161.9932
 -2191228.2560   4397835.5135   4074152.2282
 -2191255.4633   4397844.2164   4074141.8097
 -2191281.1605   4397851.5372   4074130.7744
 -2191308.1533   4397860.0715   4074120.3960
 -2191335.2759   4397868.7606   4074110.1157
 -2191361.2979   4397876.6158   4074099.3066
 -2191388.4248   4397885.3881   4074089.1705
 -2191415.0432   4397894.6113   4074079.3234
 -2191441.8955   4397902.7025   4074068.6726
 -2191469.6301   4397913.2414   4074059.6995
 -2191495.7182   4397919.7902   4074048.4074
 -2191522.3976   4397927.4883   4074037.4921
 -2191550.1625   4397937.7002   4074027.6751
 -2191576.5138   4397945.9861   4074017.7568
 -2191603.3938   4397954.5158   4074007.2840
 -2191629.7180   4397962.3593   4073996.7352
 -2191657.1071   4397971.9234   4073987.3722
 -2191684.4086   4397981.0441   4073977.1532
 -2191710.8991   4397989.3505   4073966.6654
 -2191737.4553   4397996.6951   4073955.6407
 -2191764.3839   4398006.3809   4073946.0349
 -2191791.3313   4398014.8661   4073936.2848
 -2191818.1348   4398023.3825   4073925.4960
 -2191844.1180   4398030.5447   4073914.3056
 -2191871.8675   4398040.3153   4073904.5540
 -2191899.3100   4398049.8456   4073895.1597
 -2191926.0321   4398057.9923   4073884.8931
 -2191952.6328   4398066.5964   4073874.5472
 -2191978.7933   4398074.2664   4073863.3581
 -2192005.9461   4398082.8214   4073853.0151
 -2192033.0640   4398092.4769   4073843.5335
 -2192060.2116   4398100.4508   4073832.7826
 -2192086.8845   4398108.9295   4073822.3870
 -2192113.5928   4398117.9130   4073812.3829
 -2192140.7242   4398126.6196   4073802.4242
 -2192167.4934   4398135.1102   4073791.6460
 -2192193.9075   4398142.2959   4073780.5832
 -2192220.2959   4398150.4522   4073769.9037
 -2192247.5822   4398160.3752   4073761.0398
 -2192275.4892   4398170.3395   4073751.7561
 -2192301.5138   4398177.5822   4073740.3779
 -2192328.3854   4398185.9010   4073730.1794
 -2192355.3840   4398194.3619   4073719.7267
 -2192382.2933   4398203.7257   4073709.7191
 -2192408.2818   4398211.1865   4073699.0458
 -2192435.8816   4398220.7035   4073689.1101
 -2192462.8228   4398228.9336   4073678.6009
 -2192489.3413   4398237.6814   4073668.5487
 -2192516.3721   4398246.0057   4073657.7665
 -2192542.6120   4398253.8332   4073647.3445
 -2192569.6670   4398262.4764   4073637.2756
 -2192596.5802   4398271.1148   4073626.3695
 -2192624.2703   4398281.2466   4073617.3104
 -2192650.9324   4398289.8895   4073607.5745
 -2192677.6864   4398297.6985   4073596.7353
 -2192704.2672   4398305.8805   4073585.7341
 -2192730.6914   4398313.9520   4073575.0114
 -2192758.0658   4398324.1214   4073565.9748
 -2192784.9295   4398332.5043   4073555.5799
 -2192811.5816   4398340.5271   4073545.0142
 -2192838.2864   4398348.8919   4073534.7286
 -2192865.6519   4398358.5553   4073525.3083
 -2192892.4585   4398367.2336   4073515.0640
 -2192919.2288   4398375.6321   4073504.7800
 -2192945.7843   4398383.3088   4073493.7353
 -2192972.5368   4398391.5666   4073483.1083
 -2193000.0353   4398401.0715   4073473.4382
 -2193027.0745   4398409.5092   4073463.0880
 -2193052.8421   4398417.1440   4073452.2509
 -2193079.4308   4398425.8934   4073441.7426
 -2193106.8045   4398434.4323   4073432.0282
 -2193133.5871   4398442.5022   4073421.4218
 -2193160.4608   4398450.8946   4073410.6288
 -2193187.6245   4398460.2615   4073401.0126
 -2193214.7428   4398469.6644   4073391.4558
 -2193241.6103   4398479.0537   4073381.8664
 -2193268.5643   4398486.1663   4073370.3044
 -2193294.6170   4398494.4613   4073359.5748
 -2193321.0674   4398502.4623   4073348.9267
 -2193348.3494   4398511.1082   4073338.5260
 -2193375.4546   4398520.2506   4073329.3546
 -2193402.9004   4398529.2619   4073319.4129
 -2193428.5977   4398537.5651   4073308.2518
 -2193456.2960   4398546.8326   4073298.3201
 -2193482.9597   4398555.0716   4073287.8663
 -2193510.0461   4398564.1852   4073278.5970
 -2193536.6242   4398573.1747   4073268.2940
 -2193563.6604   4398580.7441   4073257.3916
 -2193589.7009   4398588.2078   4073246.1369
 -2193616.9847   4398597.7877   4073236.2857
 -2193643.5851   4398606.1177   4073226.0740
 -2193671.1942   4398616.0770   4073217.0240
 -2193697.9865   4398624.1280   4073206.5782
 -2193724.5894   4398632.0267   4073195.9706
 -2193751.0629   4398640.9201   4073185.2934
 -2193777.2541   4398648.8881   4073174.3914
 -2193804.8242   4398658.2940   4073165.1332
 -2193832.0661   4398667.1602   4073155.4308
 -2193859.6467   4398675.7142   4073144.6291
 -2193885.5641   4398683.2578   4073133.3544
 -2193912.4457   4398692.7927   4073123.9496
 -2193939.6936   4398701.9065   4073114.3214
 -2193965.9675   4398709.4060   4073103.3004
 -2193992.4320   4398717.0352   4073092.3591
 -2194019.5868   4398726.4412   4073082.5477
 -2194046.8816   4398735.3242   4073072.1835
 -2194073.5908   4398744.6830   4073062.7500
 -2194099.8660   4398751.6257   4073051.2548
 -2194127.3162   4398760.9519   4073041.2999
 -2194154.3726   4398769.8766   4073031.7212
 -2194180.8359   4398778.0489   4073020.6134
 -2194207.6492   4398786.3613   4073010.0972
 -2194234.1613   4398794.7913   4073000.2568
 -2194261.9718   4398804.4981   4072990.2164
 -2194288.4352   4398812.1914   4072979.2328
 -2194314.9024   4398820.7485   4072969.3368
 -2194341.7936   4398829.7773   4072959.5236
 -2194368.0079   4398837.0102   4072948.1507
 -2194395.0842   4398845.5136   4072937.5941
 -2194422.4129   4398855.0147   4072928.0086
 -2194449.3055   4398863.9956   4072918.3462
 -2194476.5517   4398872.7157   4072908.2410
 -2194503.4064   4398881.6162   4072898.1684
 -2194530.2693   4398890.6052   4072888.0229
 -2194556.4648   4398897.5934   4072876.7047
 -2194582.3485   4398905.8397   4072865.6616
 -2194610.4593   4398915.5691   4072856.7075
 -2194636.9461   4398923.3012   4072845.8905
 -2194664.5675   4398933.0399   4072836.2036
 -2194691.2951   4398941.0520   4072825.6849
 -2194716.8050   4398948.4241   4072814.5633
 -2194744.3575   4398957.4832   4072804.7522
 -2194771.3869   4398966.2596   4072793.8278
 -2194797.8942   4398974.4446   4072783.3897
 -2194824.5547   4398983.3205   4072773.4777
 -2194852.2895   4398992.7717   4072763.9948
 -2194879.2657   4399001.9131   4072754.1362
 -2194905.5208   4399009.4457   4072743.4580
 -2194932.5470   4399018.5985   4072733.1485
 -2194958.9368   4399026.5146   4072722.1900
 -2194985.6698   4399034.8838   4072711.7849
 -2195011.8665   4399042.8796   4072701.1605
 -2195039.9248   4399052.8192   4072692.2203
 -2195067.3789   4399061.9700   4072682.2017
 -2195093.8346   4399070.5024   4072671.9481
 -2195120.1862   4399078.9539   4072661.4081
 -2195146.6815   4399086.6562   4072649.8229
 -2195173.7769   4399095.4918   4072640.3437
 -2195200.1113   4399103.8245   4072629.9033
 -2195227.4704   4399112.7702   4072619.5598
 -2195255.3204   4399122.2160   4072610.4324
 -2195282.0730   4399130.4241   4072600.0361
 -2195308.7059   4399138.5311   4072589.5331
 -2195335.1941   4399146.8435   4072578.3610
 -2195361.8832   4399155.2982   4072567.6457
 -2195389.0061   4399164.3236   4072558.2247
 -2195415.9841   4399173.0893   4072548.0732
 -2195442.9442   4399181.5980   4072537.5902
 -2195470.0964   4399190.4073   4072527.3797
 -2195496.0815   4399198.7439   4072517.1065
 -2195522.8153   4399207.1039   4072506.6249
 -2195549.5908   4399216.1739   4072496.6974
 -2195576.1454   4399223.4308   4072485.3884
 -2195602.9964   4399232.2952   4072475.1966
 -2195629.7109   4399240.4443   4072464.6361
 -2195657.2480   4399249.9597   4072454.7485
 -2195684.3892   4399258.8815   4072444.9804
 -2195710.7036   4399266.8391   4072434.0873
 -2195737.3407   4399275.9796   4072424.4104
 -2195764.0240   4399284.2705   4072414.4542
 -2195791.0489   4399292.3668   4072403.3036
 -2195818.3069   4399301.5060   4072393.3635
 -2195845.2242   4399309.8209   4072382.4566
 -2195871.7644   4399318.1095   4072372.5010
 -2195898.0816   4399326.7764   4072362.1643
 -2195925.7966   4399335.9371   4072352.5921
 -2195951.8915   4399344.4983   4072341.7047
 -2195980.0739   4399353.8181   4072332.1407
 -2196007.0986   4399362.6767   4072322.3083
 -2196033.1997   4399370.6285   4072311.2228
 -2196059.6948   4399378.9948   4072300.8271
 -2196086.0076   4399386.7195   4072290.0943
 -2196114.1099   4399396.0470   4072280.4680
 -2196140.0736   4399404.1097   4072269.8174
 -2196167.4082   4399413.1345   4072259.3259
 -2196194.4099   4399421.9532   4072249.6449
 -2196220.6122   4399430.1517   4072238.8688
 -2196247.5659   4399438.8022   4072228.6239
 -2196274.7920   4399447.6886   4072218.9342
 -2196301.5621   4399455.8767   4072208.1360
 -2196328.4399   4399464.8933   4072197.5440
 -2196354.7126   4399473.0044   4072186.8261
 -2196382.7494   4399482.4260   4072177.8420
 -2196408.9351   4399490.1167   4072167.5050
 -2196435.6388   4399499.1268   4072156.6840
 -2196461.9960   4399507.0857   4072145.8096
 -2196489.8312   4399516.2291   4072136.5245
 -2196516.5185   4399524.8709   4072126.4548
 -2196543.2932   4399533.9146   4072116.6790
 -2196570.7145   4399543.0063   4072106.1715
 -2196596.3458   4399550.3969   4072095.1853
 -2196623.6381   4399559.1537   4072084.9361
 -2196650.3421   4399567.5993   4072074.2380
 -2196676.8884   4399575.2430   4072062.9601
 -2196704.4653   4399584.7061   4072053.3191
 -2196731.2510   4399593.7001   4072043.8972
 -2196758.0322   4399602.6679   4072033.6792
 -2196784.5379   4399610.4953   4072022.7344
 -2196811.4697   4399618.6325   4072012.3641
 -2196838.3378   4399627.6543   4072002.1843
 -2196865.3345   4399635.6615   4071991.6088
 -2196892.2698   4399644.7336   4071981.7341
 -2196918.9006   4399653.4533   4071971.7378
 -2196945.2857   4399661.8278   4071960.9702
 -2196972.4352   4399670.5067   4071950.7448
 -2196999.3719   4399679.2893   4071940.5944
 -2197025.6857   4399687.5000   4071930.1069
 -2197052.7182   4399695.7050   4071919.8614
 -2197079.6792   4399704.7527   4071909.5704
 -2197106.9284   4399713.6032   4071899.9449
 -2197134.0254   4399722.6008   4071889.6378
 -2197160.4451   4399730.2999   4071878.2297
 -2197187.3865   4399738.9992   4071868.2687
 -2197214.3980   4399748.0697   4071858.5034
 -2197240.8135   4399756.2921   4071847.6129
 -2197267.7543   4399764.9064   4071837.8798
 -2197294.4514   4399773.2460   4071827.3154
 -2197321.8526   4399782.0972   4071816.9991
 -2197348.9459   4399790.7849   4071807.0253
 -2197375.3924   4399799.4016   4071796.6087
 -2197401.9254   4399808.2358   4071786.4565
 -2197429.1690   4399816.9148   4071776.3292
 -2197455.7181   4399825.2190   4071765.4870
 -2197482.2826   4399832.9395   4071754.2518
 -2197509.5663   4399842.1740   4071744.9812
 -2197536.7158   4399850.9148   4071734.9496
 -2197563.2038   4399859.6400   4071724.6575
 -2197589.9804   4399868.1265   4071714.2455
 -2197617.3227   4399877.4898   4071704.3417
 -2197644.1345   4399885.7781   4071693.9707
 -2197670.3856   4399893.2966   4071682.9050
 -2197697.4315   4399901.8615   4071672.0704
 -2197724.5068   4399911.7070   4071662.6809
 -2197751.5309   4399920.1874   4071652.8011
 -2197778.6413   4399928.1058   4071642.1646
 -2197805.0442   4399937.0020   4071632.1082
 -2197831.2788   4399945.0151   4071621.3746
 -2197858.4523   4399953.5230   4071610.9899
 -2197885.4353   4399962.8014   4071601.1777
 -2197912.8253   4399971.3910   4071590.9478
 -2197939.5824   4399979.8455   4071580.1287
 -2197965.3399   4399987.6727   4071569.4769
 -2197992.9931   4399997.0540   4071560.1162
 -2198019.1867   4400005.0851   4071549.0033
 -2198046.2167   4400014.0697   4071538.8316
 -2198073.3126   4400022.5209   4071528.7000
 -2198100.0601   4400030.5439   4071518.0972
 -2198126.7088   4400039.7965   4071508.5301
 -2198153.6725   4400048.3235   4071497.7065
 -2198181.1400   4400056.7257   4071487.4385
 -2198207.4030   4400065.3752   4071477.0549
 -2198234.0248   4400073.5713   4071466.5822
 -2198260.8945   4400082.2318   4071456.5184
 -2198287.8711   4400091.4126   4071446.3093
 -2198314.5222   4400099.6714   4071435.9651
 -2198342.0578   4400108.5021   4071425.6367
 -2198368.3390   4400117.2285   4071415.3766
 -2198394.8375   4400125.1618   4071404.8194
 -2198421.7679   4400133.6518   4071394.2563
 -2198448.8760   4400142.1839   4071384.2397
 -2198476.1321   4400151.2222   4071374.1332
 -2198502.4403   4400159.1661   4071363.2244
 -2198529.5774   4400168.3140   4071353.6088
 -2198556.5041   4400177.3859   4071343.4211
 -2198583.0532   4400185.8388   4071333.1539
 -2198609.8898   4400194.1446   4071322.5347
 -2198636.7790   4400202.9338   4071312.4339
 -2198663.2094   4400211.1957   4071301.7032
 -2198690.6138   4400220.1611   4071291.6587
 -2198717.4593   4400229.0116   4071282.1560
 -2198744.2850   4400237.2377   4071271.4138
 -2198771.2584   4400245.6334   4071261.2434
 -2198797.7300   4400254.2265   4071250.4913
 -2198824.1004   4400261.9302   4071239.5140
 -2198851.4516   4400271.4750   4071230.3003
 -2198878.2119   4400280.2089   4071219.6672
 -2198904.8761   4400288.3769   4071209.0834
 -2198932.1242   4400297.2243   4071198.9367
 -2198958.8766   4400305.4456   4071188.5000
 -2198985.5223   4400314.2633   4071178.0959
 -2199012.4491   4400322.7742   4071168.0710
 -2199039.0564   4400331.5992   4071157.8668
 -2199065.6875   4400339.7284   4071147.3783
 -2199093.5660   4400348.9824   4071137.5627
 -2199120.5883   4400357.1758   4071126.6067
 -2199146.7631   4400365.3264   4071116.3107
 -2199172.9510   4400374.2313   4071106.2352
 -2199199.8264   4400382.7904   4071096.1144
 -2199226.7405   4400391.5581   4071085.6727
 -2199253.8489   4400400.4205   4071075.0969
 -2199280.4670   4400408.8576   4071065.2236
 -2199307.9220   4400417.2986   4071054.8794
 -2199334.8059   4400425.7456   4071044.7503
 -2199361.5055   4400434.2708   4071034.2352
 -2199388.3156   4400442.9196   4071024.2251
 -2199415.2602   4400451.4896   4071013.5436
 -2199441.6905   4400460.5601   4071003.5728
 -2199468.2038   4400468.8364   4070992.9476
 -2199495.4484   4400477.1914   4070983.0568
 -2199522.0582   4400485.9912   4070972.1881
 -2199549.2478   4400494.2918   4070962.2260
 -2199575.9016   4400502.9990   4070951.6496
 -2199602.3385   4400511.6533   4070941.3677
 -2199629.8440   4400520.5415   4070931.2002
 -2199656.2957   4400528.9340   4070920.7339
 -2199683.6271   4400537.4555   4070910.2362
 -2199710.3115   4400546.1785   4070900.0440
 -2199736.2351   4400554.2821   4070889.6780
 -2199763.4693   4400562.3952   4070878.8720
 -2199790.3921   4400571.6822   4070868.8603
 -2199817.9339   4400580.8313   4070859.0253
 -2199844.8101   4400589.2935   4070849.1192
 -2199871.7147   4400597.6280   4070838.6401
 -2199898.4713   4400606.8344   4070828.8267
 -2199925.9841   4400615.9659   4070818.5782
 -2199951.7680   4400623.3907   4070807.4434
 -2199978.5522   4400632.3068   4070797.3897
 -2200005.9855   4400640.7189   4070787.3275
 -2200032.7078   4400649.2066   4070776.5202
 -2200058.9499   4400657.6915   4070766.1211
 -2200085.6790   4400666.2146   4070755.8122
 -2200113.0862   4400675.2050   4070745.3594
 -2200139.9532   4400683.9556   4070735.1322
 -2200166.7881   4400692.6230   4070725.6605
 -2200193.0847   4400700.2797   4070714.8348
 -2200220.5075   4400709.1166   4070704.1910
 -2200247.3123   4400717.9960   4070694.2223
 -2200273.6269   4400726.6401   4070684.2148
 -2200300.4472   4400734.8824   4070673.3371
 -2200327.4839   4400743.2679   4070662.9768
 -2200354.0326   4400751.6734   4070652.5413
 -2200381.0882   4400760.4385   4070642.2123
 -2200408.0013   4400769.1996   4070632.6946
 -2200434.4497   4400777.7651   4070622.2295
 -2200461.7259   4400786.5736   4070611.7185
 -2200488.6619   4400794.9488   4070600.9704
 -2200515.0372   4400803.5813   4070591.0239
 -2200542.7304   4400812.7174   4070581.0859
 -2200568.7995   4400820.4840   4070570.1065
 -2200596.5221   4400829.0498   4070560.2742
 -2200623.2561   4400838.3642   4070549.8936
 -2200649.3387   4400846.5752   4070539.1796
 -2200676.5269   4400855.2367   4070529.3833
 -2200703.1486   4400864.4844   4070519.2471
 -2200730.5816   4400872.6538   4070508.7524
 -2200756.7048   4400881.0222   4070498.4964
 -2200783.3545   4400889.2098   4070487.3436
 -2200810.6288   4400897.8313   4070477.3620
 -2200837.2761   4400906.4576   4070467.1062
 -2200864.4057   4400915.1130   4070456.4556
 -2200891.2016   4400923.8793   4070446.6064
 -2200917.9919   4400932.5044   4070435.7590
 -2200944.8552   4400941.0249   4070425.9712
 -2200971.1505   4400949.1830   4070415.0746
 -2200998.0876   4400958.1686   4070405.0925
 -2201024.8511   4400966.8195   4070394.9042
 -2201052.2214   4400975.2198   4070384.3739
 -2201078.6793   4400984.3965   4070374.6822
 -2201105.6190   4400992.8520   4070363.7471
 -2201132.8151   4401001.2238   4070353.9656
 -2201158.9223   4401008.9504   4070343.0566
 -2201185.8036   4401018.4635   4070333.0669
 -2201212.6742   4401027.2425   4070322.6914
 -2201239.6423   4401035.3109   4070312.6890
 -2201266.5535   4401043.8879   4070301.5735
 -2201293.4568   4401052.6042   4070291.6396
 -2201321.1922   4401061.5334   4070282.0512
 -2201347.7449   4401069.7091   4070271.1422
 -2201374.4841   4401078.3212   4070260.8240
 -2201400.5183   4401086.6285   4070250.6884
 -2201427.8958   4401095.7511   4070240.0991
 -2201454.9079   4401104.2514   4070230.3485
 -2201480.6516   4401112.2977   4070219.1966
 -2201507.7342   4401121.1917   4070208.6722
 -2201535.2544   4401130.0102   4070199.1727
 -2201562.1531   4401138.5657   4070188.5285
 -2201588.9126   4401147.2950   4070178.5198
 -2201615.2851   4401155.4003   4070167.4945
 -2201642.0758   4401164.5209   4070157.6850
 -2201669.1595   4401173.3919   4070147.6053
 -2201695.8093   4401181.1026   4070136.7594
 -2201723.0508   4401189.5147   4070126.4228
 -2201749.9142   4401198.3619   4070116.1133
 -2201776.5286   4401207.1672   4070106.2005
 -2201803.5066   4401215.8164   4070096.2527
 -2201830.2779   4401224.6418   4070086.1370
 -2201856.8181   4401233.0701   4070075.1342
 -2201883.7212   4401241.4899   4070065.1126
 -2201910.1857   4401250.2533   4070054.5873
 -2201937.4159   4401258.9920   4070044.4110
 -2201964.4468   4401267.4531   4070033.8292
 -2201991.2857   4401276.4332   4070023.8303
 -2202018.6265   4401284.9145   4070013.9286
 -2202045.3161   4401293.0249   4070003.4633
 -2202072.2605   4401301.7001   4069992.8491
 -2202098.8005   4401310.4314   4069982.5281
 -2202125.4843   4401318.6868   4069971.9267
 -2202152.3610   4401327.1862   4069962.1212
 -2202179.1931   4401336.0021   4069951.5953
 -2202205.6098   4401344.7467   4069941.5642
 -2202233.1679   4401353.0880   4069930.9318
 -2202260.0256   4401362.0908   4069921.2221
 -2202286.5997   4401370.4880   4069910.2067
 -2202313.6638   4401379.1676   4069899.8574
 -2202339.7927   4401387.7740   4069889.6247
 -2202366.0350   4401396.2805   4069879.3710
 -2202394.0342   4401404.8729   4069868.9098
 -2202420.5793   4401413.5747   4069858.6697
 -2202447.3638   4401421.9217   4069848.3852
 -2202474.2026   4401430.0754   4069838.0709
 -2202500.9275   4401438.7471   4069827.8950
 -2202528.2254   4401447.4932   4069817.8797
 -2202554.9616   4401456.2293   4069807.4034
 -2202581.6513   4401465.0239   4069796.9050
 -2202608.5894   4401473.3978   4069786.1840
 -2202634.9762   4401482.0686   4069776.3692
 -2202662.0174   4401490.3794   4069765.5387
 -2202688.8565   4401498.7023   4069755.0395
 -2202715.2153   4401507.3234   4069744.8619
 -2202741.7821   4401515.9661   4069734.2322
 -2202768.9737   4401524.9520   4069723.8683
 -2202796.1146   4401533.9271   4069714.2908
 -2202822.6976   4401542.3959   4069704.0490
 -2202849.8937   4401550.3116   4069693.6026
 -2202875.7901   4401559.1345   4069683.1527
 -2202902.9391   4401567.0950   4069672.0646
 -2202929.8484   4401576.2212   4069662.2783
 -2202957.0515   4401584.8655   4069652.2434
 -2202983.9223   4401593.6823   4069642.2044
 -2203010.9911   4401602.7572   4069631.8087
EOF