 -2180213.3263   4394323.3744   4078354.0608
 -2180258.0114   4394335.9324   4078334.6288
 -2180303.1232   4394349.3124   4078317.9608
 -2180348.5482   4394363.2220   4078299.4442
 -2180393.0555   4394378.0931   4078282.7725
 -2180438.0842   4394392.5746   4078265.4093
 -2180483.5943   4394407.2998   4078247.6267
 -2180527.5198   4394421.0509   4078230.3176
 -2180572.6121   4394435.8711   4078213.0283
 -2180616.6366   4394449.5803   4078197.3803
 -2180662.0536   4394465.1331   4078180.3140
 -2180707.2108   4394477.5506   4078161.6385
 -2180752.3410   4394492.6222   4078145.4144
 -2180796.8585   4394507.6215   4078128.8087
 -2180841.6162   4394521.6240   4078111.4421
 -2180886.7931   4394535.4575   4078093.2615
 -2180931.2557   4394549.4686   4078076.4832
 -2180975.9130   4394564.4599   4078060.3456
 -2181020.5723   4394578.4907   4078042.6160
 -2181065.4201   4394593.8568   4078026.5765
 -2181110.7313   4394609.1791   4078010.3764
 -2181154.8113   4394624.8823   4077994.9858
 -2181199.3858   4394636.8494   4077976.4047
 -2181244.5571   4394651.4548   4077958.8509
 -2181288.7590   4394665.9204   4077942.7730
 -2181333.8068   4394679.5777   4077925.3700
 -2181378.2869   4394694.1139   4077909.4292
 -2181423.0842   4394707.7764   4077891.8374
 -2181467.0092   4394720.9229   4077874.4112
 -2181512.2520   4394736.0900   4077857.9849
 -2181557.1949   4394749.9730   4077840.7052
 -2181601.2252   4394763.3703   4077823.0333
 -2181646.5558   4394779.2739   4077807.5254
 -2181690.6997   4394793.3847   4077791.4098
 -2181736.1840   4394808.1524   4077774.2889
 -2181780.6843   4394821.1668   4077755.7212
 -2181825.8278   4394835.9318   4077738.8039
 -2181870.5975   4394849.2502   4077721.4246
 -2181914.9128   4394863.2347   4077703.6951
 -2181960.4956   4394877.7799   4077686.7121
 -2182004.4006   4394891.7564   4077669.3886
 -2182049.1579   4394906.4417   4077652.7285
 -2182093.7987   4394918.5748   4077634.1266
 -2182138.8524   4394931.7026   4077616.1878
 -2182183.0977   4394947.5090   4077600.6879
 -2182227.9179   4394961.1186   4077583.3760
 -2182272.5971   4394975.8482   4077566.3993
 -2182318.2173   4394990.6134   4077549.8954
 -2182362.5627   4395003.9434   4077532.5034
 -2182406.7480   4395017.1127   4077515.0022
 -2182451.5300   4395030.6186   4077497.5521
 -2182496.3888   4395046.1550   4077481.1498
 -2182541.6193   4395059.6495   4077463.2961
 -2182586.1992   4395075.1964   4077447.1463
 -2182631.0867   4395090.0374   4077430.0837
 -2182676.0669   4395104.5616   4077412.7421
 -2182721.0541   4395118.9899   4077396.4922
 -2182765.8615   4395132.4351   4077379.0681
 -2182810.5379   4395147.0119   4077362.1301
 -2182855.7693   4395161.3725   4077344.6434
 -2182900.8101   4395176.6392   4077328.1661
 -2182944.9962   4395189.4320   4077310.5863
 -2182989.2259   4395202.9416   4077293.7170
 -2183033.9689   4395218.5958   4077276.9377
 -2183078.9805   4395232.0366   4077259.5983
 -2183124.2059   4395247.7806   4077243.2888
 -2183168.3435   4395262.2118   4077226.3523
 -2183213.4138   4395275.8860   4077209.0187
 -2183258.5183   4395289.8084   4077191.5650
 -2183303.0638   4395304.5462   4077174.8961
 -2183348.5754   4395319.9905   4077158.6575
 -2183392.8714   4395333.9546   4077141.4302
 -2183437.9335   4395349.2115   4077124.6699
 -2183482.3975   4395362.6532   4077107.1337
 -2183527.4676   4395377.1520   4077090.2450
 -2183571.5369   4395391.8215   4077073.3376
 -2183616.9042   4395406.2506   4077056.3518
 -2183661.3892   4395418.7786   4077038.2306
 -2183705.3250   4395432.0961   4077020.5748
 -2183750.8560   4395447.1990   4077003.8057
 -2183795.5255   4395461.7827   4076987.2247
 -2183840.0139   4395476.2020   4076969.9612
 -2183884.8358   4395490.0380   4076952.7518
 -2183929.3213   4395504.2879   4076935.3175
 -2183974.5191   4395518.7986   4076919.0362
 -2184019.0444   4395533.3219   4076902.0893
 -2184063.7508   4395546.7784   4076884.7557
 -2184108.7672   4395561.3935   4076868.0560
 -2184153.5138   4395575.2155   4076850.9468
 -2184198.1652   4395589.7080   4076833.3746
 -2184242.8884   4395604.0633   4076816.3343
 -2184287.7931   4395618.7971   4076799.4231
 -2184332.3526   4395633.3167   4076782.4411
 -2184377.4419   4395648.0221   4076766.2661
 -2184422.3509   4395662.4488   4076749.0327
 -2184467.4054   4395677.0715   4076732.1981
 -2184511.6602   4395690.1768   4076714.4867
 -2184555.8293   4395704.5339   4076697.8284
 -2184601.0870   4395719.2349   4076680.8088
 -2184646.0330   4395733.8905   4076663.5600
 -2184691.0351   4395748.5530   4076646.6864
 -2184735.8607   4395762.2195   4076629.7160
 -2184780.0485   4395775.1234   4076611.6001
 -2184825.2914   4395789.8630   4076594.9046
 -2184869.9998   4395805.2166   4076578.3703
 -2184914.6837   4395819.7092   4076561.2926
 -2184959.3693   4395834.2394   4076543.9652
 -2185004.8221   4395848.8187   4076527.9081
 -2185049.5024   4395864.0233   4076511.4329
 -2185093.8843   4395877.2034   4076493.3976
 -2185138.4544   4395890.6510   4076475.5481
 -2185182.3300   4395904.5324   4076458.6086
 -2185227.4088   4395919.5036   4076442.0543
 -2185272.2467   4395933.8464   4076424.7153
 -2185317.2771   4395948.9647   4076408.3056
 -2185362.1716   4395963.1833   4076391.3977
 -2185406.9812   4395976.6636   4076374.0201
 -2185452.0614   4395991.6460   4076357.0758
 -2185496.3861   4396005.8536   4076339.8669
 -2185540.9958   4396020.4600   4076322.6159
 -2185585.9554   4396034.7231   4076305.7262
 -2185630.8558   4396048.4968   4076288.2773
 -2185675.9510   4396063.0965   4076271.3531
 -2185720.2850   4396078.0716   4076254.8869
 -2185764.4437   4396091.2276   4076237.4574
 -2185809.9592   4396105.2391   4076219.8033
 -2185854.5165   4396119.9223   4076203.0256
 -2185899.3420   4396134.3614   4076186.6344
 -2185944.2212   4396147.2111   4076168.6808
 -2185988.5498   4396161.3196   4076151.2460
 -2186033.7620   4396177.2834   4076135.0764
 -2186078.6051   4396191.5107   4076117.9152
 -2186123.2936   4396206.1628   4076100.7914
 -2186168.5580   4396220.8514   4076084.3615
 -2186213.9670   4396235.4157   4076067.2744
 -2186258.3906   4396249.7074   4076050.0382
 -2186303.0742   4396263.5557   4076033.0880
 -2186347.7826   4396277.8541   4076016.0900
 -2186392.1869   4396291.7146   4075998.2010
 -2186436.8252   4396305.2461   4075981.2541
 -2186482.0300   4396320.0829   4075964.0390
 -2186526.8781   4396334.2205   4075947.1525
 -2186571.3253   4396348.5731   4075930.3875
 -2186615.8842   4396362.6192   4075912.8796
 -2186660.6904   4396376.7001   4075895.7879
 -2186706.0916   4396391.4336   4075879.1467
 -2186751.0512   4396404.8759   4075861.3826
 -2186795.6854   4396420.2734   4075844.9224
 -2186840.8335   4396434.3185   4075827.6249
 -2186885.7404   4396448.0585   4075810.1196
 -2186930.3171   4396462.5246   4075793.4228
 -2186975.5208   4396477.7235   4075776.5293
 -2187019.7207   4396491.0590   4075759.3182
 -2187064.8246   4396505.5508   4075742.3151
 -2187109.3854   4396520.2412   4075725.4660
 -2187154.0224   4396534.2403   4075708.0475
 -2187198.6336   4396548.0317   4075690.9383
 -2187243.5595   4396561.9729   4075673.4277
 -2187288.8197   4396577.4395   4075656.9429
 -2187333.0557   4396590.3144   4075639.2314
 -2187377.4215   4396604.0257   4075621.8723
 -2187422.6535   4396620.0174   4075605.6194
 -2187466.7914   4396634.2303   4075588.2837
 -2187511.7885   4396647.9308   4075571.0954
 -2187556.5822   4396661.9485   4075554.0653
 -2187601.3391   4396676.2943   4075536.8417
 -2187645.9975   4396690.3222   4075519.4130
 -2187690.4501   4396703.4465   4075501.8192
 -2187735.7373   4396719.7047   4075485.8873
 -2187780.4146   4396733.7678   4075468.3910
 -2187825.3888   4396747.7596   4075451.2675
 -2187870.1878   4396762.4824   4075434.3526
 -2187914.7902   4396775.9567   4075416.7111
 -2187959.8905   4396790.2035   4075399.6214
 -2188004.9503   4396805.0721   4075383.2492
 -2188049.4904   4396819.2104   4075365.9456
 -2188094.4479   4396834.4950   4075349.5956
 -2188138.8915   4396848.3764   4075331.9420
 -2188183.2068   4396862.1410   4075314.2505
 -2188227.9871   4396875.9274   4075297.1641
 -2188273.2785   4396891.9117   4075280.6478
 -2188317.9516   4396906.4181   4075263.9086
 -2188362.4288   4396919.6673   4075246.2284
 -2188407.2921   4396934.6958   4075229.2977
 -2188452.4133   4396949.7922   4075212.9082
 -2188496.9712   4396963.5490   4075195.1822
 -2188541.4561   4396976.7138   4075177.5928
 -2188586.6628   4396991.6418   4075161.1100
 -2188631.2712   4397004.2734   4075142.7062
 -2188676.1790   4397019.0894   4075126.3518
 -2188721.1304   4397033.8546   4075109.4938
 -2188766.1591   4397049.2174   4075092.8409
 -2188811.0058   4397062.6038   4075075.4605
 -2188855.7818   4397077.5760   4075058.5705
 -2188900.6359   4397091.8281   4075041.3568
 -2188944.9603   4397105.4373   4075023.9953
 -2188989.3433   4397118.0247   4075005.6641
 -2189034.5043   4397133.0110   4074989.4040
 -2189079.8856   4397148.4026   4074973.1497
 -2189125.0053   4397162.7348   4074955.9538
 -2189169.0375   4397175.7819   4074938.1982
 -2189214.3600   4397191.1513   4074921.6496
 -2189258.8287   4397205.5694   4074904.5162
 -2189303.2300   4397219.7254   4074887.0424
 -2189347.7999   4397233.0387   4074869.8014
 -2189392.5627   4397247.9521   4074852.8902
 -2189437.4851   4397262.5538   4074835.8831
 -2189481.8868   4397276.8302   4074818.3170
 -2189527.6514   4397292.5610   4074802.7083
 -2189571.9953   4397306.6988   4074785.3867
 -2189616.6902   4397320.0151   4074767.4588
 -2189661.3559   4397333.4210   4074749.9418
 -2189705.8434   4397347.0350   4074732.3030
 -2189750.1279   4397361.5790   4074715.4456
 -2189795.4051   4397376.9978   4074698.9993
 -2189840.5412   4397392.1021   4074682.2586
 -2189884.5841   4397405.4541   4074664.9273
 -2189929.1376   4397418.7702   4074646.7012
 -2189973.6101   4397433.9022   4074630.0185
 -2190018.2792   4397447.6155   4074612.8693
 -2190063.3653   4397462.3409   4074595.8351
 -2190107.8534   4397476.5958   4074578.6012
 -2190153.4396   4397491.7977   4074562.0574
 -2190198.0076   4397505.4781   4074544.6178
 -2190243.2551   4397520.4945   4074528.1503
 -2190287.8907   4397534.6818   4074511.0903
 -2190331.9893   4397548.1823   4074493.2745
 -2190376.9870   4397563.1179   4074476.6217
 -2190421.4356   4397577.2506   4074459.2203
 -2190466.7840   4397593.0436   4074442.8076
 -2190511.4602   4397605.5392   4074424.8922
 -2190556.5627   4397620.2219   4074408.6404
 -2190600.5943   4397633.3314   4074390.4321
 -2190645.1291   4397647.7044   4074372.9017
 -2190690.3045   4397662.5626   4074356.5558
 -2190735.3265   4397677.8226   4074339.7772
 -2190779.2735   4397691.1321   4074322.3396
 -2190823.8192   4397703.2696   4074303.8796
 -2190869.3581   4397719.1141   4074287.5635
 -2190914.7291   4397735.5435   4074271.9419
 -2190959.2807   4397750.3438   4074254.8730
 -2191003.6119   4397763.4483   4074237.2282
 -2191048.7325   4397777.8980   4074220.2459
 -2191092.6570   4397791.4229   4074202.3137
 -2191138.0732   4397806.4728   4074186.0330
 -2191183.0382   4397821.7033   4074169.4651
 -2191227.2467   4397835.3784   4074151.7840
 -2191272.0783   4397849.3269   4074134.6657
 -2191316.5357   4397863.8197   4074117.4763
 -2191361.5432   4397877.7191   4074100.4728
 -2191405.9463   4397892.0058   4074082.9607
 -2191450.2735   4397905.0912   4074065.0982
 -2191495.3533   4397921.0145   4074049.0822
 -2191540.0675   4397935.3514   4074032.0146
 -2191584.3221   4397948.7944   4074014.1473
 -2191629.2528   4397962.5229   4073996.7704
 -2191674.8615   4397978.3490   4073980.5983
 -2191719.5591   4397992.8879   4073963.8163
 -2191764.0797   4398006.8903   4073946.4342
 -2191809.1182   4398022.4401   4073930.0153
 -2191853.2397   4398036.1326   4073912.2717
 -2191897.9370   4398049.3830   4073894.4862
 -2191942.7212   4398063.0119   4073877.3452
 -2191987.9279   4398077.2687   4073860.2486
 -2192032.1299   4398092.2857   4073843.7291
 -2192076.4821   4398104.7771   4073825.0341
 -2192121.4508   4398118.8851   4073807.8239
 -2192166.7678   4398135.7199   4073792.2523
 -2192211.0888   4398149.0108   4073774.3384
 -2192255.8595   4398163.7104   4073758.1050
 -2192301.0821   4398178.2137   4073740.9228
 -2192345.0444   4398192.1664   4073723.1979
 -2192390.3644   4398206.7953   4073706.4626
 -2192435.3624   4398221.8653   4073690.0907
 -2192479.2783   4398234.9877   4073672.1778
 -2192523.8582   4398247.5273   4073654.0487
 -2192569.3897   4398263.8430   4073637.7110
 -2192614.0277   4398278.1872   4073620.7638
 -2192658.8033   4398291.6234   4073603.0917
 -2192703.1623   4398305.8503   4073585.8816
 -2192747.8776   4398319.2216   4073568.2035
 -2192793.0083   4398334.6813   4073551.8626
 -2192837.3200   4398347.0921   4073533.6548
 -2192882.5168   4398362.8136   4073517.5173
 -2192927.9101   4398378.8887   4073501.6902
 -2192973.0039   4398393.6922   4073484.8290
 -2193017.2334   4398407.6407   4073467.2754
 -2193062.1986   4398422.1085   4073450.2379
 -2193107.2411   4398436.7108   4073432.9583
 -2193151.3788   4398450.4127   4073415.8690
 -2193195.7525   4398462.8584   4073397.7114
 -2193240.3274   4398476.6157   4073379.9421
 -2193285.4680   4398492.3107   4073363.3888
 -2193330.8244   4398508.8486   4073348.3570
 -2193375.1332   4398522.6190   4073330.8958
 -2193420.5143   4398537.5278   4073314.2745
 -2193465.4543   4398551.0481   4073296.4985
 -2193509.6092   4398565.5354   4073279.3230
 -2193554.9324   4398580.3336   4073262.4885
 -2193599.3985   4398594.0060   4073244.8463
 -2193643.8254   4398607.9212   4073227.3162
 -2193688.6118   4398621.5255   4073210.2129
 -2193732.5838   4398634.6168   4073192.1373
 -2193778.1299   4398649.4863   4073175.3339
 -2193822.7276   4398663.3237   4073158.2097
 -2193867.5264   4398678.7506   4073141.5200
 -2193912.3039   4398693.4541   4073124.8122
 -2193957.2207   4398707.2652   4073107.5145
 -2194001.5574   4398720.8429   4073089.7816
 -2194046.7756   4398735.9444   4073073.0642
 -2194090.9476   4398749.1220   4073054.8980
 -2194135.8279   4398763.1002   4073037.9246
 -2194180.2567   4398777.4641   4073020.8064
 -2194225.3930   4398793.1433   4073004.0441
 -2194270.1176   4398807.1828   4072986.9588
 -2194315.0932   4398821.0169   4072970.1937
 -2194359.6336   4398836.5689   4072953.6995
 -2194404.8951   4398851.4100   4072936.2934
 -2194448.8479   4398863.8537   4072918.1311
 -2194493.7610   4398877.7680   4072900.7366
 -2194538.6940   4398892.2441   4072884.0744
 -2194583.2771   4398907.5939   4072867.7240
 -2194628.5734   4398921.7414   4072850.7650
 -2194673.2760   4398936.4770   4072833.4146
 -2194717.3561   4398949.5965   4072815.0591
 -2194762.6830   4398964.6218   4072798.7671
 -2194806.6899   4398978.0730   4072781.3414
 -2194851.2217   4398991.8964   4072764.0085
 -2194895.9519   4399006.0490   4072746.3184
 -2194941.0468   4399020.6293   4072729.5475
 -2194985.6741   4399034.1553   4072711.2444
 -2195030.9322   4399050.6159   4072696.0422
 -2195075.7876   4399065.7238   4072679.5083
 -2195120.4924   4399079.2956   4072661.8766
 -2195165.9165   4399094.9052   4072645.9674
 -2195210.1804   4399108.2606   4072627.8845
 -2195253.7215   4399119.8527   4072608.8673
 -2195297.7982   4399133.2577   4072590.6028
 -2195343.9852   4399149.6698   4072575.4087
 -2195388.6596   4399163.7633   4072558.5173
 -2195433.0776   4399177.5602   4072540.4431
 -2195477.6142   4399191.9745   4072523.7065
 -2195522.9537   4399207.2432   4072506.9959
 -2195568.5927   4399222.2104   4072490.5069
 -2195611.8514   4399233.9457   4072471.7949
 -2195656.6618   4399249.0038   4072454.6234
 -2195702.1196   4399265.0439   4072438.6607
 -2195746.8451   4399278.3909   4072421.0736
 -2195791.7396   4399293.0491   4072403.9723
 -2195835.6287   4399306.2698   4072386.4488
 -2195880.7555   4399321.0664   4072369.5936
 -2195925.8568   4399335.4546   4072352.7277
 -2195970.8474   4399349.7474   4072335.4722
 -2196014.8938   4399362.8877   4072317.5380
 -2196059.9466   4399378.5865   4072301.5540
 -2196104.4766   4399393.0269   4072283.9082
 -2196148.6457   4399406.0972   4072266.0609
 -2196194.7225   4399421.5623   4072249.7576
 -2196238.5348   4399434.9237   4072232.0478
 -2196284.0173   4399450.1611   4072215.4815
 -2196328.5411   4399463.5231   4072197.8607
 -2196373.3215   4399478.9986   4072181.4743
 -2196417.6796   4399491.9005   4072163.1544
 -2196461.8688   4399505.6758   4072145.6636
 -2196507.2938   4399520.6338   4072129.2619
 -2196552.2573   4399535.0973   4072112.5275
 -2196596.3873   4399548.7596   4072094.2612
 -2196641.9530   4399564.8941   4072078.1866
 -2196686.4645   4399578.3788   4072060.7039
 -2196730.8805   4399592.6252   4072043.7927
 -2196776.0891   4399607.8486   4072027.1436
 -2196820.2989   4399621.1823   4072008.9892
 -2196864.6037   4399635.3601   4071991.8653
 -2196910.6674   4399651.5751   4071976.0595
 -2196955.0407   4399664.9729   4071958.1631
 -2196999.3883   4399679.2961   4071941.0399
 -2197044.4670   4399693.5840   4071923.9710
 -2197089.3514   4399708.0073   4071907.0950
 -2197133.3280   4399721.9501   4071889.1849
 -2197178.0272   4399735.4348   4071871.5356
 -2197222.7751   4399749.6924   4071854.8539
 -2197267.4982   4399764.1431   4071837.5728
 -2197312.8883   4399779.6145   4071821.0512
 -2197357.2777   4399792.6077   4071802.8458
 -2197402.0126   4399807.6152   4071786.7230
 -2197447.2811   4399823.3746   4071770.5373
 -2197491.6256   4399836.5330   4071752.1940
 -2197535.8047   4399848.8509   4071733.4510
 -2197580.8108   4399863.9030   4071717.3281
 -2197625.0877   4399877.8631   4071699.6860
 -2197670.2913   4399893.1193   4071683.3517
 -2197715.0107   4399907.0330   4071665.3722
 -2197759.6815   4399921.5812   4071648.6152
 -2197804.3122   4399935.8482   4071631.3934
 -2197849.6818   4399950.4205   4071614.6755
 -2197894.4964   4399965.9885   4071597.3771
 -2197939.4141   4399981.5239   4071581.4834
 -2197983.9899   4399994.5991   4071564.0313
 -2198028.1689   4400008.4941   4071546.5255
 -2198072.8068   4400021.8182   4071528.5694
 -2198118.0889   4400037.0103   4071512.1035
 -2198162.0729   4400050.2770   4071494.1420
 -2198206.3362   4400064.0218   4071476.2377
 -2198252.0257   4400080.4946   4071460.9251
 -2198297.5730   4400095.1768   4071444.0656
 -2198341.0393   4400107.3149   4071425.3148
 -2198386.3482   4400122.4952   4071409.0842
 -2198431.3255   4400137.7188   4071392.3490
 -2198476.1508   4400152.4643   4071375.6482
 -2198521.1653   4400166.3867   4071358.4741
 -2198565.7202   4400179.8256   4071340.4596
 -2198610.0802   4400194.0005   4071322.7211
 -2198654.3250   4400208.1477   4071305.5597
 -2198698.6787   4400221.8137   4071287.6095
 -2198743.4401   4400236.2564   4071270.8574
 -2198788.7320   4400251.1286   4071254.7715
 -2198833.5263   4400265.4938   4071236.9187
 -2198878.1554   4400279.7353   4071219.5385
 -2198922.7807   4400293.4371   4071202.2081
 -2198967.2677   4400307.4926   4071184.9133
 -2199012.3562   4400322.4094   4071168.4448
 -2199058.0507   4400338.8376   4071152.7614
 -2199101.7695   4400350.8173   4071133.1988
 -2199147.0925   4400365.4660   4071117.0492
 -2199191.4549   4400379.6261   4071099.6065
 -2199236.3525   4400394.7379   4071082.8297
 -2199280.7577   4400407.9568   4071065.0874
 -2199324.9729   4400421.0632   4071046.7228
 -2199369.6634   4400436.3634   4071030.2529
 -2199415.0967   4400451.8847   4071014.0563
 -2199460.5531   4400466.3882   4070997.3720
 -2199505.1953   4400481.0474   4070980.5057
 -2199549.7801   4400494.9530   4070962.5411
 -2199594.0795   4400508.3412   4070944.7359
 -2199638.2160   4400522.3888   4070927.6073
 -2199683.9996   4400538.5005   4070912.0454
 -2199728.0483   4400552.3236   4070893.7285
 -2199772.4659   4400564.7040   4070875.6545
 -2199817.5189   4400580.5314   4070859.2156
 -2199862.0966   4400594.7140   4070842.0915
 -2199906.7682   4400608.6190   4070824.2293
 -2199951.8980   4400623.7657   4070808.2007
 -2199997.0361   4400638.3220   4070791.0874
 -2200041.3171   4400652.0037   4070773.2595
 -2200086.2375   4400666.9854   4070757.1201
 -2200130.3497   4400680.3469   4070738.5437
 -2200175.0677   4400694.4068   4070721.2668
 -2200220.2803   4400709.3820   4070705.0043
 -2200265.0788   4400724.1002   4070688.0607
 -2200308.8339   4400736.7825   4070669.3037
 -2200353.1722   4400749.8753   4070651.3466
 -2200398.6710   4400765.5537   4070635.2951
 -2200443.7030   4400780.7480   4070618.7667
 -2200488.6044   4400795.4102   4070601.9927
 -2200533.0765   4400809.1941   4070584.3361
 -2200577.7988   4400823.0222   4070566.9563
 -2200622.9721   4400838.3362   4070550.0389
 -2200667.2281   4400852.3436   4070532.7722
 -2200711.7287   4400866.1123   4070515.5679
 -2200756.6357   4400880.9837   4070498.5112
 -2200802.1182   4400895.3163   4070480.9548
 -2200846.1429   4400909.2596   4070463.6381
 -2200890.3692   4400922.6918   4070445.9750
 -2200935.7427   4400938.4340   4070429.7946
 -2200980.4068   4400952.7709   4070412.2993
 -2201025.5050   4400967.1304   4070395.7926
 -2201070.2147   4400981.0244   4070378.5232
 -2201113.9876   4400994.4425   4070360.1297
 -2201158.2957   4401007.6348   4070342.0494
 -2201203.8370   4401023.2700   4070326.0416
 -2201248.0143   4401037.6141   4070308.7990
 -2201293.3237   4401052.4581   4070292.4110
 -2201338.6924   4401067.2128   4070275.3494
 -2201382.9234   4401080.8214   4070257.9415
 -2201428.0477   4401094.9535   4070240.5388
 -2201472.1926   4401108.9114   4070222.8531
 -2201516.5686   4401123.1359   4070205.2811
 -2201561.2185   4401138.3147   4070188.8368
 -2201606.2007   4401152.3395   4070171.4110
 -2201651.4541   4401167.0937   4070154.7929
 -2201695.8130   4401181.2228   4070137.3832
 -2201740.8074   4401195.7401   4070120.2232
 -2201784.8305   4401209.4254   4070102.7649
 -2201829.6927   4401223.7612   4070085.6297
 -2201874.3060   4401237.3431   4070067.5757
 -2201918.6838   4401251.9054   4070050.4915
 -2201963.5202   4401266.0192   4070033.5177
 -2202008.5710   4401281.3825   4070016.9720
 -2202053.9026   4401296.5071   4070000.4016
 -2202099.1816   4401311.6015   4069984.0736
 -2202143.4551   4401325.0815   4069965.7880
 -2202188.1363   4401338.9583   4069948.7629
 -2202232.5750   4401353.1252   4069931.4724
 -2202277.3465   4401367.9245   4069914.4829
 -2202322.3460   4401381.9328   4069896.7067
 -2202366.1771   4401394.7882   4069878.2647
 -2202411.0086   4401408.9303   4069861.3284
 -2202455.7363   4401423.9619   4069844.6554
 -2202500.3434   4401437.6195   4069826.9914
 -2202545.1410   4401452.1229   4069809.7970
 -2202590.6045   4401467.1572   4069793.2887
 -2202635.1536   4401481.6437   4069776.2880
 -2202680.0986   4401496.5661   4069760.1072
 -2202724.4915   4401509.9026   4069741.8986
 -2202769.1631   4401524.5407   4069724.3324
 -2202813.7531   4401538.3467   4069706.8385
 -2202858.5397   4401552.6513   4069689.6382
 -2202903.4979   4401567.8192   4069673.3875
 -2202948.3730   4401582.5674   4069656.6406
 -2202992.0434   4401595.6839   4069638.3208
 -2203037.6625   4401610.2554   4069620.9718
 -2203081.7373   4401624.0751   4069603.4313
 -2203126.4564   4401638.0317   4069586.3291
 -2203172.1843   4401654.3095   4069571.0509
 -2203216.7935   4401668.5036   4069553.1068
 -2203260.9699   4401681.7994   4069535.2118
 -2203305.8816   4401695.7279   4069517.9973
 -2203350.5137   4401710.4789   4069501.2080
 -2203395.0019   4401724.6493   4069483.2297
 -2203438.9061   4401738.7336   4069465.1594
 -2203484.6403   4401753.3352   4069449.1217
 -2203529.2542   4401767.3141   4069431.9964
 -2203574.3970   4401782.1330   4069415.1112
 -2203618.8929   4401796.9162   4069398.1093
 -2203663.8191   4401811.0121   4069380.3501
 -2203708.6458   4401825.4206   4069363.4899
 -2203753.0995   4401839.5550   4069345.7138
 -2203796.9466   4401853.1512   4069327.7908
 -2203841.8831   4401867.7891   4069311.2422
 -2203886.8000   4401881.8601   4069294.2119
 -2203931.5135   4401896.8559   4069277.3160
 -2203976.6161   4401911.5171   4069260.3651
 -2204021.1807   4401926.0768   4069242.9715
 -2204066.2740   4401940.4770   4069225.9539
 -2204110.0003   4401953.2299   4069207.7745
 -2204155.1329   4401968.4725   4069191.4576
 -2204200.3631   4401983.8123   4069174.6355
 -2204244.5735   4401997.1942   4069156.8023
 -2204289.0872   4402011.0622   4069139.4925
 -2204334.0745   4402026.1548   4069123.0319
 -2204378.3250   4402039.6694   4069104.6285
 -2204423.0805   4402053.9235   4069087.6942
 -2204468.2725   4402068.5623   4069070.8549
 -2204513.1851   4402083.8825   4069054.0838
 -2204557.9509   4402098.2376   4069037.0184
 -2204602.6206   4402112.1131   4069019.2348
 -2204646.6722   4402126.2858   4069002.3543
 -2204692.4495   4402140.5030   4068985.3934
 -2204736.0355   4402154.1519   4068966.9748
 -2204780.9839   4402168.9450   4068950.4214
 -2204825.4135   4402182.8975   4068932.8647
 -2204870.2899   4402197.3354   4068915.6728
 -2204915.0032   4402212.3644   4068898.9632
 -2204959.7872   4402226.6091   4068881.3382
 -2205005.2653   4402241.1038   4068864.4713
 -2205049.4084   4402254.8013   4068846.8968
 -2205093.7867   4402269.2435   4068830.1418
 -2205138.6891   4402283.5005   4068813.0294
 -2205183.7336   4402298.2780   4068795.7635
 -2205228.3736   4402312.0555   4068778.2231
 -2205272.7256   4402326.6973   4068760.9636
 -2205317.5546   4402340.8808   4068743.4408
 -2205362.0628   4402355.4514   4068726.8976
 -2205406.9973   4402369.8551   4068709.1958
 -2205451.8997   4402384.4384   4068692.3781
 -2205496.6870   4402398.4468   4068675.2800
 -2205541.1365   4402412.8749   4068658.3907
 -2205586.0546   4402427.3775   4068640.8805
 -2205629.9747   4402440.2683   4068622.5184
 -2205674.7161   4402454.8190   4068604.8759
 -2205719.6409   4402469.5336   4068588.0295
 -2205764.2520   4402483.6456   4068571.4186
 -2205809.1697   4402498.6944   4068554.7964
 -2205853.8835   4402512.8518   4068537.3850
 -2205898.9164   4402526.9495   4068520.1968
 -2205943.4105   4402540.7813   4068502.0683
 -2205987.0547   4402555.2157   4068484.6158
 -2206033.0474   4402570.5306   4068469.0165
 -2206077.9947   4402585.3135   4068452.1797
 -2206122.3228   4402598.9297   4068434.3761
 -2206166.3547   4402612.7874   4068415.6398
 -2206212.0523   4402627.8666   4068399.7485
 -2206256.0526   4402642.0742   4068382.4560
 -2206301.0373   4402655.7015   4068365.1036
 -2206345.1850   4402670.2078   4068347.6904
 -2206390.9915   4402685.8682   4068331.5540
 -2206435.2864   4402699.6949   4068313.6698
 -2206479.5820   4402713.8340   4068296.8081
 -2206524.5754   4402727.7931   4068278.7370
 -2206569.3520   4402741.6750   4068261.4400
 -2206613.4661   4402756.2409   4068244.1814
 -2206658.0768   4402770.7681   4068227.2105
 -2206702.9979   4402784.1248   4068209.7646
 -2206747.4177   4402798.7891   4068192.1561
 -2206792.6633   4402814.0836   4068175.5220
 -2206837.5469   4402827.8541   4068157.9094
 -2206881.7297   4402842.7926   4068141.3816
 -2206926.4800   4402856.7439   4068124.2408
 -2206971.6408   4402871.3587   4068106.8374
 -2207016.1848   4402885.1551   4068089.3725
 -2207060.6643   4402899.9993   4068072.0995
 -2207105.9223   4402913.9769   4068055.2379
 -2207150.4892   4402928.5157   4068037.9732
 -2207195.4911   4402943.2218   4068021.0073
 -2207239.8894   4402957.2811   4068003.3028
 -2207283.9291   4402971.1615   4067985.3188
 -2207328.7212   4402985.6226   4067968.7076
 -2207373.7829   4403000.1424   4067951.8175
 -2207418.5762   4403014.6958   4067934.6021
 -2207463.2744   4403028.4910   4067917.1020
 -2207507.2643   4403042.3413   4067899.4890
 -2207552.8026   4403057.7739   4067882.8629
 -2207597.6530   4403072.4791   4067865.5935
 -2207641.5839   4403086.2309   4067848.1592
 -2207686.2510   4403100.0576   4067830.9354
 -2207730.3169   4403113.7576   4067813.3727
 -2207776.1803   4403129.2374   4067796.6206
 -2207821.0898   4403143.7285   4067779.7001
 -2207865.5950   4403158.0257   4067762.3231
 -2207909.6671   4403171.4930   4067744.1079
 -2207954.6571   4403186.2085   4067727.5838
 -2208000.0668   4403201.4136   4067710.9556
 -2208044.3492   4403214.5747   4067692.5581
 -2208088.7629   4403228.6833   4067675.5446
 -2208133.5692   4403243.3952   4067658.6242
 -2208177.9729   4403257.5137   4067641.1168
 -2208222.6779   4403271.8774   4067623.8500
 -2208268.1937   4403286.7566   4067606.9912
 -2208311.8593   4403300.6569   4067589.7094
 -2208357.3484   4403315.3831   4067572.5847
 -2208402.0727   4403329.6410   4067555.4682
 -2208446.8016   4403344.0698   4067538.2344
 -2208490.7549   4403358.1465   4067520.4465
 -2208535.4371   4403372.5930   4067503.1848
 -2208580.4325   4403386.8317   4067486.4026
 -2208625.0564   4403401.0930   4067469.1286
 -2208670.3019   4403415.4927   4067451.6501
 -2208714.6302   4403429.8725   4067434.3896
 -2208759.6259   4403444.7854   4067418.0123
 -2208804.1790   4403458.8610   4067400.5711
 -2208848.7947   4403472.1862   4067382.2347
 -2208893.0192   4403486.4322   4067364.3121
 -2208937.5087   4403501.1232   4067347.6052
 -2208982.1494   4403515.1839   4067330.3908
 -2209027.1084   4403529.7556   4067314.1087
 -2209071.9536   4403543.9691   4067296.5930
 -2209116.9044   4403558.3712   4067278.9243
 -2209162.0032   4403573.6486   4067262.6368
 -2209205.6451   4403587.4869   4067245.1668
 -2209250.9700   4403601.6816   4067227.6215
 -2209295.9624   4403616.8950   4067211.0175
 -2209340.5503   4403630.2928   4067193.0818
 -2209385.3667   4403644.7523   4067175.5403
 -2209429.5441   4403658.9419   4067158.6034
 -2209473.8052   4403673.3076   4067141.1257
 -2209519.0857   4403687.6489   4067123.7942
 -2209563.9255   4403702.2705   4067107.1663
 -2209608.5962   4403716.6245   4067089.9132
 -2209653.2340   4403730.8695   4067072.4708
 -2209697.8121   4403744.8731   4067054.3640
 -2209742.4540   4403759.5500   4067037.7006
 -2209786.8254   4403773.4545   4067020.6337
 -2209831.4188   4403787.3715   4067002.6400
 -2209876.5839   4403802.3311   4066986.0479
 -2209921.2833   4403816.9912   4066968.9690
 -2209966.2432   4403831.0018   4066951.4897
 -2210010.4353   4403844.9772   4066934.0494
 -2210054.7799   4403859.4053   4066916.5276
 -2210100.3573   4403873.8774   4066899.1349
 -2210145.7627   4403889.2952   4066882.9713
 -2210189.6396   4403903.0733   4066866.1245
 -2210234.4704   4403917.3680   4066848.7672
 -2210278.9911   4403931.3189   4066830.9372
 -2210323.5479   4403945.6994   4066813.6231
 -2210368.4972   4403960.2281   4066796.3070
 -2210413.6017   4403975.1829   4066779.2296
 -2210457.9183   4403989.4446   4066762.5471
 -2210503.1159   4404003.4293   4066744.8749
 -2210547.1735   4404017.7553   4066727.8182
 -2210592.0658   4404032.7579   4066710.7071
 -2210636.1118   4404046.2852   4066692.5215
 -2210681.0484   4404060.5648   4066675.4972
 -2210725.6842   4404074.4571   4066657.9261
 -2210770.1327   4404088.9683   4066640.9334
 -2210815.1390   4404103.5045   4066624.1816
 -2210860.1528   4404118.0244   4066606.7793
 -2210904.0630   4404132.1677   4066589.0023
 -2210948.9016   4404146.3086   4066571.8191
 -2210993.9375   4404160.8378   4066554.7832
 -2211038.3384   4404174.5916   4066537.5687
 -2211083.0543   4404189.2089   4066520.3158
 -2211127.9441   4404203.5996   4066503.0851
 -2211172.5991   4404218.3712   4066485.9521
 -2211217.5586   4404232.8893   4066468.7626
 -2211261.8094   4404247.1044   4066451.5551
 -2211306.6289   4404261.4630   4066434.3950
 -2211351.4158   4404275.6647   4066417.2124
 -2211396.2076   4404289.7259   4066399.3421
 -2211440.2272   4404303.8789   4066381.3995
 -2211485.1568   4404318.6040   4066365.2924
 -2211530.7750   4404333.4666   4066348.3132
 -2211575.2183   4404347.1594   4066330.3720
 -2211620.0354   4404361.6899   4066313.1933
 -2211664.9632   4404375.8200   4066295.9874
 -2211708.2356   4404390.1164   4066278.9108
 -2211753.4012   4404404.3728   4066260.9380
 -2211797.7482   4404418.8500   4066243.8930
 -2211843.5957   4404433.4358   4066226.8969
 -2211888.2620   4404447.7770   4066209.9668
 -2211933.3212   4404462.1322   4066192.6849
 -2211977.1025   4404476.4036   4066175.4985
 -2212021.7785   4404490.5430   4066158.0030
 -2212066.3659   4404504.7219   4066140.8755
 -2212110.6596   4404518.6453   4066123.1238
 -2212155.7136   4404533.0786   4066105.5517
 -2212200.7945   4404547.6844   4066088.9472
 -2212245.2674   4404562.1256   4066071.8040
 -2212289.8463   4404576.7772   4066054.4794
 -2212334.6124   4404590.9706   4066036.6401
 -2212379.4711   4404605.0706   4066019.8597
 -2212423.6344   4404619.3553   4066002.3965
 -2212468.1273   4404633.9265   4065985.0960
 -2212513.7883   4404648.8094   4065968.5534
 -2212558.1545   4404662.5845   4065950.1685
 -2212602.4168   4404676.8054   4065932.8760
 -2212647.0379   4404690.4952   4065915.3744
 -2212691.7530   4404705.1592   4065898.5946
 -2212736.7217   4404719.7523   4065881.6306
 -2212781.6081   4404733.9611   4065864.4800
 -2212826.5516   4404748.5908   4065847.2476
 -2212870.3850   4404762.8301   4065830.0431
 -2212915.0147   4404777.4885   4065812.8168
 -2212959.4573   4404791.2056   4065795.3473
 -2213004.4285   4404805.6223   4065778.2561
 -2213050.0122   4404820.2841   4065760.8894
 -2213094.0123   4404834.7030   4065743.3495
 -2213138.5379   4404848.8620   4065726.0727
 -2213183.7890   4404863.8176   4065709.2141
 -2213228.4703   4404878.1283   4065692.0050
 -2213273.3884   4404892.3760   4065674.5001
 -2213318.2644   4404906.4683   4065657.1401
 -2213362.2568   4404921.0075   4065639.9624
 -2213406.9899   4404934.9858   4065622.0169
 -2213451.2162   4404948.6054   4065604.6240
 -2213496.0506   4404963.5837   4065587.7254
 -2213541.2156   4404978.1895   4065570.6973
 -2213586.0992   4404992.3343   4065553.3453
 -2213630.2331   4405006.8596   4065536.0431
 -2213674.9122   4405021.1836   4065518.6199
 -2213718.9136   4405035.0110   4065501.5681
 -2213764.2083   4405049.6063   4065484.2116
 -2213808.9947   4405064.0531   4065467.0374
 -2213853.9080   4405078.7276   4065449.6628
 -2213898.7903   4405093.0618   4065432.5061
 -2213942.7108   4405107.1810   4065415.2370
 -2213987.6720   4405121.3333   4065397.7129
 -2214032.6385   4405135.6829   4065380.1380
 -2214076.7092   4405150.0527   4065363.0251
 -2214121.6543   4405164.6711   4065346.5873
 -2214166.8063   4405179.1070   4065328.9131
 -2214211.2417   4405193.1909   4065311.6604
 -2214255.6850   4405207.4668   4065294.2434
 -2214299.7231   4405221.8834   4065277.1134
 -2214344.9497   4405236.1721   4065259.6076
 -2214389.7370   4405250.7262   4065242.3900
 -2214434.8152   4405265.1327   4065225.1069
 -2214479.1238   4405279.1373   4065207.7369
 -2214524.2952   4405294.0818   4065191.3536
 -2214569.0432   4405308.5451   4065174.2134
 -2214613.0394   4405322.3684   4065156.6093
 -2214657.2533   4405336.6574   4065138.6733
 -2214702.2428   4405351.1200   4065121.8124
 -2214746.9284   4405365.1762   4065104.6645
 -2214792.1437   4405379.8090   4065087.1921
 -2214837.0221   4405394.8202   4065070.1174
 -2214881.1657   4405408.5307   4065052.5281
 -2214925.9901   4405422.5971   4065034.8894
 -2214970.1159   4405436.6624   4065017.3832
 -2215014.9488   4405450.9426   4065000.1672
 -2215060.3445   4405465.6933   4064983.0823
 -2215104.1695   4405479.5740   4064965.3132
 -2215148.8525   4405493.9320   4064948.5057
 -2215193.9264   4405508.5653   4064931.4209
 -2215238.7999   4405522.8974   4064913.9714
 -2215282.8436   4405536.8807   4064896.4879
 -2215327.7762   4405550.7992   4064878.9230
 -2215372.9162   4405565.7589   4064861.7363
 -2215417.2890   4405580.1599   4064844.7324
 -2215461.4474   4405595.0063   4064827.7276
 -2215507.0978   4405609.2983   4064810.3953
 -2215551.6849   4405623.0491   4064792.8797
 -2215595.7109   4405637.3808   4064775.4842
 -2215639.9437   4405651.9091   4064758.4845
 -2215685.5122   4405666.7978   4064741.6828
 -2215730.4783   4405681.2762   4064724.4244
 -2215774.8705   4405695.0014   4064706.2713
 -2215819.8713   4405709.2711   4064689.0073
 -2215864.3834   4405724.1149   4064672.2113
 -2215908.9282   4405738.3213   4064654.4905
 -2215952.8897   4405752.0982   4064637.2244
 -2215997.8616   4405766.3848   4064619.9644
 -2216042.4126   4405780.9969   4064602.4898
 -2216087.3011   4405795.3878   4064585.3715
 -2216132.0181   4405809.9711   4064568.5787
 -2216176.3503   4405824.4016   4064550.8976
 -2216221.1950   4405837.8555   4064532.8143
 -2216265.9427   4405852.7894   4064516.4102
 -2216311.1048   4405867.0217   4064499.1999
 -2216356.0269   4405881.8212   4064482.0071
 -2216400.4991   4405896.2199   4064464.7637
 -2216444.6716   4405910.1328   4064447.1210
 -2216489.4525   4405925.2881   4064430.3535
 -2216533.4393   4405939.2367   4064412.7804
 -2216578.4500   4405953.0473   4064395.4439
 -2216623.4515   4405967.9125   4064378.4866
 -2216667.6136   4405981.7088   4064360.1581
 -2216712.1588   4405995.9883   4064342.9713
 -2216757.8745   4406011.2873   4064326.3120
 -2216802.1503   4406025.2577   4064308.7747
 -2216847.0317   4406039.3101   4064291.6254
 -2216891.1717   4406053.4885   4064274.3610
 -2216936.3496   4406068.1779   4064257.3993
 -2216981.1655   4406083.2859   4064240.2359
 -2217025.2280   4406097.1211   4064222.7944
 -2217069.9342   4406111.1217   4064205.2350
 -2217115.0106   4406125.3278   4064187.2959
 -2217160.2336   4406139.6780   4064170.4913
 -2217204.1693   4406154.9206   4064153.4352
 -2217248.6425   4406168.4151   4064135.8453
 -2217293.3837   4406183.1235   4064118.6376
 -2217337.8956   4406197.2238   4064101.5653
 -2217382.6224   4406211.9138   4064084.3672
 -2217427.3308   4406226.1053   4064066.5338
 -2217471.9078   4406239.8905   4064048.6132
 -2217516.6958   4406255.0783   4064032.2459
 -2217561.7824   4406269.2327   4064015.1189
 -2217606.5479   4406283.1029   4063996.7713
 -2217650.2983   4406297.2604   4063979.7873
 -2217695.9411   4406311.7263   4063962.8629
 -2217740.8127   4406326.1979   4063945.6629
 -2217784.9800   4406340.4250   4063928.2960
 -2217829.4754   4406355.6024   4063911.3082
 -2217873.5955   4406369.4493   4063894.0603
 -2217918.0334   4406383.7740   4063876.0963
 -2217963.7522   4406398.2454   4063858.7717
 -2218008.7016   4406412.3974   4063841.7212
 -2218053.4141   4406427.0515   4063824.7806
 -2218097.6454   4406441.4409   4063807.0640
 -2218141.9305   4406455.0547   4063789.4666
 -2218186.0658   4406469.8850   4063772.4726
EOF