 -2180214.8987   4394324.3498   4078354.3879
 -2180264.2869   4394338.1051   4078333.7170
 -2180314.0515   4394356.0252   4078315.8970
 -2180363.6643   4394371.4529   4078296.3212
 -2180412.5618   4394388.8871   4078279.6527
 -2180462.5730   4394405.0860   4078260.2748
 -2180512.7929   4394419.4635   4078239.9409
 -2180562.7509   4394436.3652   4078221.8213
 -2180612.8497   4394451.0831   4078201.7980
 -2180663.4543   4394466.4011   4078181.3557
 -2180713.3000   4394483.4719   4078163.3653
 -2180763.3440   4394499.0371   4078144.3038
 -2180812.5248   4394515.7685   4078127.3036
 -2180862.2652   4394530.5924   4078106.9112
 -2180912.1651   4394545.8306   4078087.4554
 -2180961.8811   4394561.4778   4078068.1883
 -2181011.7616   4394577.0520   4078048.5678
 -2181061.0532   4394593.0522   4078030.6437
 -2181111.0711   4394607.9188   4078010.2404
 -2181160.4702   4394624.9399   4077992.9761
 -2181209.5288   4394640.5496   4077975.1193
 -2181259.1771   4394656.7351   4077956.9992
 -2181309.1555   4394674.0095   4077939.3191
 -2181359.2929   4394688.7616   4077918.2739
 -2181409.2404   4394704.3713   4077898.1517
 -2181459.0838   4394720.0766   4077879.0348
 -2181509.0897   4394735.1575   4077859.3373
 -2181558.8618   4394749.4485   4077838.8122
 -2181609.3333   4394766.2464   4077819.6829
 -2181659.2313   4394780.8488   4077799.4936
 -2181708.8159   4394796.0909   4077780.3398
 -2181758.8185   4394811.7647   4077760.7486
 -2181808.7893   4394827.8823   4077741.9167
 -2181858.7937   4394843.9186   4077723.3551
 -2181908.9077   4394859.9753   4077704.0279
 -2181958.4428   4394876.6712   4077685.8508
 -2182008.1602   4394893.6252   4077667.9088
 -2182057.5181   4394910.0386   4077649.7732
 -2182107.1736   4394925.4335   4077630.3686
 -2182157.0397   4394940.7728   4077610.9550
 -2182206.4905   4394957.4726   4077592.8251
 -2182256.5270   4394973.2224   4077573.9543
 -2182306.0464   4394988.5809   4077554.7022
 -2182355.8904   4395004.8475   4077536.2414
 -2182405.6437   4395020.1389   4077517.1140
 -2182455.4040   4395035.4797   4077497.3407
 -2182505.2640   4395051.6518   4077478.8035
 -2182555.3246   4395067.7612   4077459.6129
 -2182605.1044   4395083.2455   4077440.4755
 -2182655.1132   4395100.1561   4077422.0942
 -2182704.2743   4395115.5782   4077403.3264
 -2182754.0543   4395130.3449   4077383.7215
 -2182803.9755   4395147.0058   4077365.1723
 -2182853.8878   4395163.5412   4077346.7378
 -2182903.3039   4395178.6737   4077327.6936
 -2182953.3423   4395194.4521   4077308.7449
 -2183003.0768   4395211.2483   4077290.2836
 -2183052.6707   4395226.5486   4077271.0828
 -2183102.2155   4395242.4136   4077252.2796
 -2183151.8178   4395258.2314   4077232.9992
 -2183201.5301   4395274.0012   4077213.7352
 -2183251.1879   4395289.4243   4077194.5055
 -2183301.5227   4395305.6978   4077175.2992
 -2183351.3681   4395322.6689   4077157.5835
 -2183401.1383   4395338.3272   4077138.5771
 -2183450.7464   4395353.4987   4077119.3190
 -2183500.4280   4395368.8513   4077100.1782
 -2183550.5880   4395385.5815   4077081.9763
 -2183600.5078   4395400.7631   4077062.4841
 -2183649.8870   4395415.6649   4077043.3969
 -2183699.6823   4395430.9381   4077024.0344
 -2183749.8254   4395447.7855   4077005.5351
 -2183799.8510   4395464.3330   4076986.9856
 -2183849.7373   4395479.7207   4076967.4006
 -2183899.4897   4395495.7126   4076948.5439
 -2183949.5496   4395511.6822   4076929.6572
 -2183999.5400   4395528.4903   4076911.0740
 -2184049.2871   4395544.8361   4076892.3055
 -2184099.1607   4395561.5471   4076873.5848
 -2184148.7746   4395577.4551   4076854.5427
 -2184198.3580   4395594.1910   4076836.1033
 -2184247.9658   4395608.8602   4076816.3578
 -2184297.4963   4395623.8107   4076796.8650
 -2184347.2368   4395639.4129   4076778.0523
 -2184397.1283   4395655.5902   4076759.2419
 -2184447.0431   4395671.1956   4076740.1621
 -2184496.7004   4395687.6796   4076721.5104
 -2184546.8079   4395704.1779   4076703.0144
 -2184596.2431   4395719.1425   4076683.3687
 -2184645.7353   4395734.4502   4076664.2545
 -2184695.8556   4395750.7034   4076645.6668
 -2184745.8091   4395766.9791   4076626.9365
 -2184795.2009   4395782.5840   4076607.9818
 -2184844.9712   4395798.7173   4076589.0425
 -2184894.4022   4395813.5391   4076569.2435
 -2184944.3202   4395829.6701   4076550.1794
 -2184994.0990   4395845.8238   4076531.8580
 -2185044.2254   4395862.3402   4076513.0308
 -2185094.1028   4395878.2177   4076494.0047
 -2185144.0640   4395895.0458   4076475.6802
 -2185194.0146   4395911.7018   4076456.9061
 -2185243.7569   4395928.0888   4076438.2587
 -2185293.5203   4395943.8169   4076419.4628
 -2185343.3269   4395959.2011   4076400.1325
 -2185392.9933   4395975.4681   4076381.2452
 -2185442.9132   4395990.9861   4076361.9902
 -2185492.9685   4396006.8553   4076343.1260
 -2185542.6766   4396022.5807   4076324.3003
 -2185592.1209   4396037.2923   4076304.7485
 -2185641.2779   4396052.7695   4076285.7671
 -2185691.0699   4396068.0375   4076266.3103
 -2185740.7819   4396083.4965   4076246.9819
 -2185790.4866   4396099.2602   4076228.0687
 -2185840.5556   4396115.5237   4076209.5450
 -2185890.1636   4396131.1309   4076190.4773
 -2185940.0867   4396147.9313   4076172.0392
 -2185989.8229   4396163.6801   4076152.7806
 -2186039.7424   4396179.2281   4076133.7729
 -2186089.5264   4396194.7677   4076114.4150
 -2186139.4838   4396210.5322   4076095.4191
 -2186189.1083   4396226.3629   4076076.3178
 -2186238.9428   4396242.3050   4076057.4019
 -2186288.7749   4396258.6912   4076038.6413
 -2186338.8278   4396274.8863   4076019.7076
 -2186388.5192   4396290.4132   4076000.3980
 -2186438.5360   4396306.5397   4075981.2561
 -2186488.4241   4396322.9747   4075962.3993
 -2186538.2189   4396338.8889   4075943.4690
 -2186587.8684   4396354.8419   4075924.7211
 -2186637.3528   4396370.7407   4075905.6819
 -2186686.5810   4396386.0136   4075886.5615
 -2186736.3472   4396402.6535   4075868.1962
 -2186785.8499   4396418.8163   4075849.1270
 -2186835.6398   4396434.7359   4075829.9972
 -2186885.4593   4396450.7435   4075810.9212
 -2186935.2110   4396466.8042   4075792.0619
 -2186985.1826   4396482.8515   4075773.2564
 -2187035.2793   4396499.5193   4075754.5998
 -2187085.3049   4396515.0495   4075735.4043
 -2187135.0203   4396531.1071   4075716.5016
 -2187184.8139   4396547.4370   4075697.5950
 -2187234.3652   4396563.3774   4075678.6228
 -2187283.9671   4396578.8015   4075659.4458
 -2187333.8702   4396594.6948   4075640.2915
 -2187383.3846   4396610.1856   4075620.9850
 -2187433.4001   4396625.2446   4075601.6125
 -2187483.2444   4396641.4877   4075582.7402
 -2187533.0171   4396657.6776   4075563.8940
 -2187582.8672   4396673.7576   4075545.0290
 -2187632.9601   4396690.0364   4075526.3093
 -2187682.6149   4396706.5278   4075507.5030
 -2187732.3972   4396722.5969   4075488.8935
 -2187782.0355   4396738.2507   4075469.5587
 -2187831.7329   4396753.9053   4075450.4240
 -2187881.5759   4396770.0722   4075431.4919
 -2187931.7117   4396785.6744   4075412.4454
 -2187981.4939   4396801.9630   4075393.7459
 -2188030.8264   4396817.2168   4075374.3608
 -2188080.5075   4396832.3252   4075354.9254
 -2188130.3128   4396847.5149   4075335.5271
 -2188179.6501   4396863.5007   4075316.3890
 -2188229.4580   4396879.3797   4075297.3795
 -2188279.1961   4396895.5239   4075278.4117
 -2188328.9757   4396911.0675   4075259.3729
 -2188378.8918   4396927.3670   4075240.5774
 -2188428.6622   4396943.1317   4075221.7752
 -2188478.6870   4396959.0098   4075202.6529
 -2188528.0850   4396975.4754   4075183.9462
 -2188577.9775   4396991.5652   4075165.1810
 -2188627.8379   4397007.3463   4075146.1509
 -2188677.6729   4397023.1309   4075126.7867
 -2188727.2605   4397038.6506   4075107.4175
 -2188777.0663   4397054.7117   4075088.7160
 -2188826.9432   4397070.6548   4075069.7115
 -2188876.4631   4397086.4525   4075050.7910
 -2188926.3735   4397102.2991   4075031.7984
 -2188976.0623   4397117.8106   4075012.4169
 -2189025.7226   4397133.2525   4074993.1457
 -2189075.4869   4397149.7897   4074974.3892
 -2189125.3587   4397165.4567   4074955.2806
 -2189175.0603   4397180.6825   4074935.9612
 -2189224.9271   4397195.4183   4074916.5871
 -2189274.7222   4397211.6700   4074897.7184
 -2189324.2868   4397227.2241   4074878.5286
 -2189373.9153   4397243.0727   4074859.5283
 -2189423.4627   4397258.0483   4074839.8191
 -2189473.5373   4397274.4652   4074821.0544
 -2189523.2113   4397289.9916   4074801.6973
 -2189573.3297   4397306.4225   4074783.2952
 -2189623.2159   4397322.4198   4074764.5182
 -2189672.9810   4397338.4061   4074745.4819
 -2189722.7417   4397353.9886   4074726.2827
 -2189772.4666   4397369.6681   4074706.8731
 -2189822.3778   4397385.6256   4074687.9047
 -2189872.1421   4397401.4455   4074668.9072
 -2189922.0877   4397417.4087   4074649.7392
 -2189972.0769   4397432.8385   4074630.6661
 -2190021.7453   4397448.8678   4074611.7954
 -2190071.2510   4397465.0689   4074593.0669
 -2190121.2088   4397481.7094   4074574.5617
 -2190170.9899   4397498.3005   4074555.7291
 -2190220.8046   4397513.9421   4074536.5068
 -2190270.6631   4397529.8299   4074517.4913
 -2190320.4244   4397545.6933   4074498.6245
 -2190370.2665   4397561.4358   4074479.3806
 -2190420.1931   4397577.6927   4074460.7551
 -2190470.1994   4397593.5000   4074441.6164
 -2190519.7555   4397609.0778   4074422.3410
 -2190569.7998   4397624.9727   4074403.4013
 -2190619.4483   4397640.8299   4074384.2373
 -2190669.1231   4397657.0270   4074365.4784
 -2190718.6637   4397673.0972   4074346.2798
 -2190768.6549   4397689.3641   4074327.6103
 -2190818.3699   4397704.8134   4074308.3519
 -2190867.8888   4397720.0851   4074289.0302
 -2190917.5991   4397735.5959   4074269.4286
 -2190967.5478   4397751.8242   4074250.4643
 -2191017.0927   4397767.4503   4074231.2422
 -2191066.9973   4397783.8534   4074212.8291
 -2191117.0946   4397800.0139   4074194.1936
 -2191166.7846   4397815.1269   4074174.7435
 -2191216.4933   4397831.2703   4074155.8446
 -2191266.3192   4397847.5352   4074137.0694
 -2191316.0385   4397863.4132   4074117.7964
 -2191365.6068   4397878.7147   4074098.6694
 -2191415.7133   4397895.3686   4074080.1904
 -2191465.7746   4397911.4251   4074061.2698
 -2191515.4850   4397927.2562   4074041.9543
 -2191565.1989   4397943.3198   4074022.9477
 -2191615.0745   4397959.1413   4074004.1049
 -2191664.6127   4397974.6178   4073984.6727
 -2191714.6716   4397991.0747   4073965.9364
 -2191764.2503   4398007.1073   4073947.0485
 -2191814.0875   4398022.9056   4073927.9720
 -2191863.7515   4398037.8083   4073908.2219
 -2191913.8031   4398054.2968   4073889.6105
 -2191963.4179   4398069.8872   4073870.5294
 -2192012.9702   4398085.5700   4073851.3506
 -2192062.9744   4398101.7697   4073832.5628
 -2192112.3761   4398117.2809   4073813.1933
 -2192162.1945   4398133.2701   4073794.3226
 -2192212.0082   4398149.7984   4073775.4967
 -2192261.5383   4398165.4790   4073756.4041
 -2192311.5159   4398181.7361   4073737.8088
 -2192361.4010   4398197.2684   4073718.4770
 -2192410.9317   4398212.6863   4073698.7990
 -2192460.6716   4398228.6359   4073680.0367
 -2192510.3481   4398244.2506   4073660.5608
 -2192560.1232   4398260.1331   4073641.5880
 -2192610.0195   4398276.1100   4073622.6264
 -2192659.9015   4398292.1947   4073603.6916
 -2192709.7746   4398308.5306   4073584.6321
 -2192759.6708   4398324.9517   4073566.1052
 -2192809.2830   4398340.9047   4073547.2417
 -2192859.0457   4398356.3861   4073527.9384
 -2192909.0017   4398372.6099   4073509.0704
 -2192958.4158   4398388.0513   4073489.7772
 -2193008.1516   4398404.3473   4073470.9691
 -2193058.0587   4398420.5951   4073452.1506
 -2193108.1483   4398436.8121   4073433.4372
 -2193157.8875   4398453.1148   4073414.5631
 -2193207.4297   4398468.3821   4073395.0330
 -2193257.0445   4398483.5688   4073375.5501
 -2193306.8785   4398499.3249   4073356.3637
 -2193356.6810   4398514.8154   4073337.0687
 -2193406.3211   4398530.1640   4073317.5336
 -2193455.8157   4398545.7823   4073298.3520
 -2193505.5379   4398561.2662   4073278.9261
 -2193555.1133   4398576.7432   4073259.7915
 -2193604.7021   4398592.6130   4073240.8457
 -2193654.2932   4398608.1617   4073221.6839
 -2193703.8521   4398624.0540   4073202.5275
 -2193753.8687   4398640.2415   4073183.7799
 -2193803.6863   4398656.1272   4073164.6785
 -2193853.6356   4398673.0030   4073146.0720
 -2193903.4355   4398688.9569   4073127.1997
 -2193953.3616   4398705.1414   4073108.2204
 -2194003.0407   4398721.1541   4073089.2457
 -2194052.3987   4398736.6914   4073069.8196
 -2194102.4042   4398752.7892   4073050.8204
 -2194152.5893   4398769.2712   4073032.2194
 -2194202.3480   4398784.6653   4073012.9688
 -2194252.1213   4398801.0452   4072994.2671
 -2194301.9404   4398816.6456   4072974.8646
 -2194351.6055   4398832.6189   4072955.8326
 -2194401.3527   4398848.7597   4072936.9620
 -2194451.1790   4398864.4821   4072917.6462
 -2194501.0624   4398880.6568   4072898.8083
 -2194550.7598   4398896.5968   4072879.8899
 -2194600.5262   4398912.8731   4072861.2615
 -2194650.5803   4398929.0635   4072842.3332
 -2194700.1663   4398944.6339   4072823.0931
 -2194749.8044   4398960.4797   4072804.0344
 -2194799.6964   4398976.4821   4072785.0389
 -2194849.3567   4398992.7068   4072766.0520
 -2194899.2287   4399008.7880   4072747.1537
 -2194948.6966   4399024.1579   4072727.7877
 -2194998.4169   4399039.5978   4072708.6894
 -2195048.3095   4399056.4030   4072690.2576
 -2195097.6892   4399071.4594   4072670.5164
 -2195147.3255   4399086.8330   4072651.2530
 -2195196.9468   4399102.3370   4072631.7461
 -2195246.4914   4399117.7290   4072612.1665
 -2195296.3779   4399134.2302   4072593.4631
 -2195346.3133   4399150.2681   4072574.5425
 -2195396.2279   4399166.4460   4072555.6898
 -2195446.2191   4399182.6584   4072536.7701
 -2195495.9188   4399198.6074   4072517.7018
 -2195545.6721   4399214.5461   4072498.5680
 -2195594.9829   4399229.9206   4072479.1051
 -2195644.8511   4399246.2516   4072460.4444
 -2195694.3678   4399262.4052   4072441.3882
 -2195744.0927   4399278.0984   4072422.2600
 -2195794.2642   4399294.6104   4072403.5857
 -2195844.1427   4399311.3144   4072385.0769
 -2195894.1304   4399327.1943   4072365.7601
 -2195943.7490   4399342.9373   4072346.8512
 -2195993.2190   4399358.3517   4072327.3806
 -2196043.1448   4399374.1417   4072308.3809
 -2196092.8504   4399389.8967   4072289.1295
 -2196142.8486   4399406.3801   4072270.4638
 -2196192.1283   4399421.4283   4072250.7729
 -2196241.7842   4399437.3130   4072231.6276
 -2196291.6031   4399453.2223   4072212.5402
 -2196341.2585   4399468.4023   4072193.0868
 -2196390.5826   4399483.6234   4072173.3385
 -2196440.3898   4399499.8572   4072154.4468
 -2196490.0852   4399515.7122   4072135.4674
 -2196539.7071   4399531.5487   4072116.4146
 -2196589.3095   4399547.1920   4072097.3691
 -2196639.1811   4399563.2479   4072078.5386
 -2196688.7237   4399578.6267   4072059.2158
 -2196739.0874   4399595.7313   4072040.9381
 -2196788.8054   4399611.8040   4072021.8834
 -2196838.6824   4399628.0946   4072002.9892
 -2196888.0367   4399643.4949   4071983.5618
 -2196937.6273   4399659.1727   4071964.3959
 -2196987.8641   4399675.8130   4071945.7312
 -2197037.5643   4399691.1498   4071926.0606
 -2197087.7594   4399707.4510   4071907.3103
 -2197137.3040   4399723.2050   4071888.0296
 -2197187.2542   4399739.4864   4071869.0883
 -2197237.2379   4399756.2042   4071850.6200
 -2197286.6904   4399771.8346   4071831.1824
 -2197336.5125   4399788.0291   4071812.3968
 -2197386.3773   4399803.9554   4071793.3214
 -2197435.5646   4399818.6191   4071773.6591
 -2197485.3895   4399834.7543   4071755.0792
 -2197535.3372   4399850.4609   4071735.9316
 -2197584.7183   4399865.7115   4071716.5814
 -2197634.3221   4399881.5669   4071697.0014
 -2197684.2661   4399897.7367   4071678.1903
 -2197734.0188   4399914.1819   4071659.1402
 -2197783.6232   4399929.6210   4071639.4166
 -2197833.7197   4399946.1714   4071620.6610
 -2197883.4788   4399961.9239   4071601.7132
 -2197933.1765   4399977.7953   4071582.6598
 -2197982.9108   4399993.9838   4071563.7041
 -2198032.5858   4400009.9240   4071544.9355
 -2198082.6374   4400026.4090   4071526.3176
 -2198132.2430   4400042.0601   4071507.1874
 -2198181.8980   4400057.6184   4071487.7754
 -2198231.5999   4400073.5002   4071468.4316
 -2198281.3637   4400089.7638   4071449.4718
 -2198331.1130   4400105.2428   4071430.0881
 -2198381.1598   4400121.5937   4071411.3882
 -2198430.6479   4400137.1292   4071391.9617
 -2198480.1029   4400152.6281   4071373.0073
 -2198529.8294   4400168.2740   4071353.4737
 -2198580.0937   4400185.1964   4071334.9170
 -2198629.8659   4400201.5881   4071316.2743
 -2198679.5681   4400217.2243   4071296.9383
 -2198728.8557   4400232.3586   4071277.6107
 -2198778.3209   4400248.2654   4071258.4992
 -2198828.4752   4400265.0515   4071239.8600
 -2198878.2935   4400280.8900   4071220.9689
 -2198927.7249   4400296.1800   4071201.1692
 -2198977.3829   4400311.9811   4071181.8379
 -2199027.0405   4400327.4963   4071162.6679
 -2199076.9713   4400343.5302   4071143.6465
 -2199126.7233   4400358.9144   4071124.1845
 -2199176.4982   4400375.2654   4071105.1556
 -2199226.1732   4400391.1367   4071086.1781
 -2199275.8857   4400407.1257   4071067.2647
 -2199325.9151   4400423.3960   4071048.3315
 -2199375.6694   4400439.4835   4071029.6157
 -2199425.0267   4400455.4927   4071010.1730
 -2199474.4498   4400470.7702   4070990.7130
 -2199524.2824   4400486.4933   4070971.6582
 -2199574.3574   4400502.5926   4070952.7620
 -2199623.9803   4400518.2038   4070933.4009
 -2199673.6919   4400534.0275   4070913.9465
 -2199723.5441   4400550.0059   4070894.9156
 -2199773.4051   4400566.6730   4070876.2015
 -2199822.9571   4400582.4352   4070857.3642
 -2199873.0668   4400598.6190   4070838.6475
 -2199922.7718   4400614.8997   4070819.9074
 -2199972.3386   4400630.7015   4070800.4315
 -2200021.9058   4400646.0219   4070780.8714
 -2200071.3035   4400661.5535   4070761.4344
 -2200121.1272   4400677.4605   4070742.3122
 -2200171.1416   4400694.2020   4070723.5101
 -2200220.8037   4400710.2418   4070704.5855
 -2200270.4377   4400726.2137   4070685.3143
 -2200320.2764   4400742.2731   4070666.4825
 -2200369.9418   4400758.0001   4070647.5080
 -2200419.3916   4400773.1680   4070627.9989
 -2200469.4851   4400789.2372   4070609.1698
 -2200519.5508   4400805.4496   4070590.4304
 -2200568.8303   4400820.6915   4070570.5947
 -2200618.3774   4400836.2698   4070551.2791
 -2200668.2598   4400852.6953   4070532.3036
 -2200718.0813   4400868.7348   4070513.3687
 -2200767.7012   4400884.5549   4070494.0807
 -2200817.8308   4400900.8164   4070475.1052
 -2200867.3798   4400916.3393   4070455.7932
 -2200917.1952   4400932.8080   4070436.7903
 -2200967.0560   4400948.8558   4070417.9926
 -2201016.5272   4400964.5894   4070398.6516
 -2201066.3489   4400980.7786   4070379.9388
 -2201115.7680   4400996.3382   4070360.5511
 -2201165.3815   4401012.2910   4070341.3733
 -2201215.2012   4401027.9262   4070322.0276
 -2201264.5158   4401043.4800   4070302.5573
 -2201313.8629   4401059.0092   4070283.1512
 -2201363.7362   4401074.7297   4070263.9413
 -2201413.5552   4401090.3220   4070244.9186
 -2201463.5313   4401106.3305   4070225.8526
 -2201513.4739   4401122.6218   4070207.2015
 -2201563.0369   4401138.4069   4070187.9757
 -2201612.8232   4401154.5987   4070169.0733
 -2201662.7867   4401171.4862   4070150.8290
 -2201712.6741   4401187.3665   4070131.4021
 -2201762.4049   4401203.1876   4070112.0500
 -2201811.9760   4401218.8995   4070092.6905
 -2201861.5260   4401234.7469   4070073.7052
 -2201911.3471   4401250.8487   4070054.7790
 -2201960.9543   4401266.4254   4070035.2354
 -2202010.5348   4401282.5731   4070015.9599
 -2202060.1142   4401297.8668   4069996.6514
 -2202110.0429   4401313.8563   4069977.6623
 -2202159.8908   4401329.9403   4069958.7224
 -2202209.5478   4401345.4631   4069939.1054
 -2202259.6679   4401361.9826   4069920.3161
 -2202309.3755   4401378.0647   4069901.4331
 -2202359.1878   4401393.9569   4069882.5125
 -2202408.8764   4401410.0112   4069863.5480
 -2202458.6831   4401426.1130   4069844.4388
 -2202508.3131   4401441.8612   4069825.2459
 -2202557.7352   4401457.9682   4069806.1958
 -2202607.8980   4401473.9838   4069787.2255
 -2202657.4944   4401490.1086   4069768.3339
 -2202707.2485   4401506.4261   4069749.4255
 -2202757.2182   4401522.6203   4069730.6276
 -2202806.9867   4401538.0387   4069711.1731
 -2202856.6791   4401553.7513   4069691.8051
 -2202906.0797   4401569.0213   4069672.2412
 -2202955.7448   4401585.0045   4069653.2169
 -2203005.2128   4401600.7796   4069633.6340
 -2203055.0108   4401616.6416   4069614.3309
 -2203104.5637   4401632.4404   4069595.2447
 -2203154.4881   4401648.7796   4069576.2776
 -2203204.3495   4401664.6574   4069557.1413
 -2203253.7853   4401680.4773   4069537.9843
 -2203303.9090   4401696.8884   4069519.3879
 -2203353.5850   4401712.6806   4069500.3659
 -2203403.2076   4401728.4936   4069481.1965
 -2203452.5970   4401743.8039   4069461.4810
 -2203502.4864   4401759.5778   4069442.3165
 -2203552.2734   4401775.8644   4069423.4656
 -2203601.8434   4401791.4321   4069404.0767
 -2203651.7772   4401807.6311   4069385.1842
 -2203701.6949   4401823.8505   4069366.1366
 -2203751.3239   4401839.5849   4069346.7942
 -2203800.9590   4401855.6507   4069327.8203
 -2203850.8539   4401871.7003   4069308.8794
 -2203900.5214   4401887.7746   4069289.6719
 -2203950.2561   4401903.8676   4069270.7070
 -2204000.2238   4401920.0527   4069251.7143
 -2204049.9958   4401935.6922   4069232.4415
 -2204099.4876   4401951.2334   4069213.1159
 -2204148.8823   4401966.8802   4069194.0535
 -2204198.6640   4401982.9869   4069174.9191
 -2204248.2938   4401998.6064   4069155.4457
 -2204297.7693   4402014.7383   4069136.1939
 -2204347.5881   4402030.5170   4069116.7620
 -2204397.3750   4402046.5566   4069097.8913
 -2204447.0053   4402062.7603   4069079.1139
 -2204497.2827   4402079.2631   4069060.3889
 -2204547.1896   4402094.7445   4069040.9557
 -2204596.8599   4402110.6301   4069021.7947
 -2204646.6762   4402126.4822   4069002.6506
 -2204696.4932   4402142.5674   4068983.5340
 -2204745.9840   4402158.2284   4068964.2131
 -2204795.5156   4402173.8717   4068945.1282
 -2204845.2299   4402190.0513   4068926.0845
 -2204894.7251   4402206.0324   4068906.9921
 -2204943.9975   4402221.5919   4068887.4927
 -2204993.8880   4402237.7911   4068868.4772
 -2205043.8601   4402253.9486   4068849.6011
 -2205093.5138   4402269.9294   4068830.4779
 -2205143.2882   4402285.9430   4068811.2911
 -2205193.3112   4402302.0202   4068792.1587
 -2205243.0530   4402317.6638   4068772.8994
 -2205292.6599   4402333.4542   4068753.5076
 -2205342.3620   4402349.1732   4068734.3476
 -2205391.9302   4402364.6940   4068714.9927
 -2205441.7844   4402380.6773   4068695.9609
 -2205491.6405   4402396.7411   4068677.0056
 -2205541.0165   4402412.8345   4068658.0201
 -2205590.5792   4402428.4906   4068638.5182
 -2205640.4472   4402444.5625   4068619.4204
 -2205690.3680   4402460.6452   4068600.6005
 -2205740.3255   4402476.7626   4068581.6724
 -2205789.7190   4402492.5401   4068562.3236
 -2205839.5482   4402508.4194   4068543.3593
 -2205889.2146   4402524.2948   4068523.6950
 -2205939.0757   4402540.3475   4068504.4982
 -2205988.3927   4402556.1880   4068485.2460
 -2206037.9886   4402572.0548   4068466.4925
 -2206087.8328   4402588.3256   4068447.4680
 -2206137.7679   4402604.2905   4068428.5695
 -2206187.1764   4402620.0106   4068409.1546
 -2206237.0308   4402636.0978   4068390.0719
 -2206286.9675   4402652.4121   4068371.0824
 -2206336.8468   4402668.5820   4068352.0357
 -2206386.2866   4402683.8714   4068332.4985
 -2206435.8086   4402699.6210   4068313.0969
 -2206485.5220   4402715.3603   4068293.8078
 -2206535.0370   4402731.2454   4068274.9251
 -2206584.6489   4402747.4914   4068255.9107
 -2206634.5352   4402763.1447   4068236.5754
 -2206684.1940   4402778.9631   4068217.3765
 -2206734.0905   4402795.0242   4068198.2620
 -2206783.5757   4402811.0051   4068179.0335
 -2206833.1792   4402827.0247   4068159.8121
 -2206882.9809   4402843.0345   4068140.7495
 -2206932.5252   4402858.5651   4068121.2957
 -2206982.4128   4402874.6446   4068102.3365
 -2207032.5223   4402890.9240   4068083.3478
 -2207082.1327   4402906.8146   4068064.3946
 -2207131.6933   4402922.6896   4068045.2011
 -2207181.2343   4402938.4156   4068026.0478
 -2207230.9329   4402954.3243   4068006.7438
 -2207280.4830   4402970.3319   4067987.7591
 -2207330.1311   4402985.9939   4067968.2185
 -2207379.8832   4403002.2871   4067949.3069
 -2207429.7752   4403018.6340   4067930.3053
 -2207479.5972   4403034.3823   4067911.1582
 -2207529.4900   4403050.4705   4067891.8275
 -2207579.3053   4403066.4459   4067872.7572
 -2207628.6774   4403081.8375   4067853.1949
 -2207678.4243   4403097.9534   4067834.3294
 -2207728.1902   4403114.1451   4067815.3348
 -2207777.8452   4403129.8897   4067795.7162
 -2207827.1489   4403145.4229   4067776.3102
 -2207876.7012   4403161.2094   4067757.0874
 -2207926.3860   4403177.0048   4067737.9033
 -2207975.9363   4403192.6924   4067718.5711
 -2208025.6939   4403208.6204   4067699.4389
 -2208075.6537   4403224.9055   4067680.3114
 -2208125.5524   4403241.0487   4067661.5092
 -2208175.5595   4403257.3666   4067642.8397
 -2208225.1135   4403273.5255   4067623.9012
 -2208274.5118   4403289.3912   4067604.4092
 -2208324.6660   4403305.9160   4067585.8733
 -2208374.2674   4403321.5373   4067566.6329
 -2208424.0588   4403337.0658   4067547.0454
 -2208474.0010   4403353.0265   4067527.9243
 -2208523.9159   4403369.1004   4067508.7016
 -2208573.7184   4403384.9968   4067489.4155
 -2208623.1933   4403400.8526   4067470.2861
 -2208672.9915   4403416.6419   4067451.1691
 -2208722.0205   4403432.2726   4067431.5900
 -2208771.4548   4403447.9889   4067412.2254
 -2208821.2974   4403464.2512   4067393.2140
 -2208871.2294   4403480.4402   4067374.2274
 -2208920.9574   4403496.2892   4067355.1445
 -2208970.7132   4403512.3521   4067335.8463
 -2209020.4413   4403527.7988   4067316.5532
 -2209070.2588   4403543.9607   4067297.6006
 -2209120.0915   4403560.1726   4067278.7214
 -2209169.7078   4403576.4275   4067259.5361
 -2209219.5756   4403592.3665   4067240.0449
 -2209268.9752   4403608.0736   4067220.8006
 -2209318.8250   4403623.9308   4067201.7236
 -2209368.3281   4403639.5550   4067182.5055
 -2209417.5995   4403655.1653   4067163.0841
 -2209466.8692   4403670.9547   4067143.8213
 -2209517.0654   4403687.2882   4067125.0167
 -2209566.7423   4403703.1934   4067105.8134
 -2209616.0614   4403718.6842   4067086.1290
 -2209665.9036   4403735.1756   4067067.4849
 -2209716.0693   4403751.4806   4067048.4335
 -2209765.7232   4403767.0926   4067028.9716
 -2209815.5220   4403783.0589   4067009.8447
 -2209865.3809   4403798.8721   4066990.7785
 -2209915.0190   4403814.7497   4066971.6957
 -2209964.6046   4403830.5539   4066952.4434
 -2210014.4234   4403846.9407   4066933.3112
 -2210064.2119   4403862.9669   4066914.2827
 -2210113.7995   4403879.0794   4066895.3239
 -2210163.4917   4403895.0629   4066875.9737
 -2210213.0193   4403910.6012   4066856.3859
 -2210262.5425   4403926.4551   4066837.2432
 -2210312.2140   4403942.3373   4066818.0384
 -2210361.9470   4403958.3961   4066799.0138
 -2210411.6790   4403974.4641   4066779.9912
 -2210461.3001   4403990.3624   4066760.5440
 -2210511.0450   4404006.3172   4066741.4066
 -2210560.9534   4404022.2728   4066722.2390
 -2210610.5741   4404038.5391   4066703.3687
 -2210660.1005   4404054.2060   4066684.1375
 -2210709.7381   4404070.0431   4066664.7690
 -2210759.7096   4404085.8856   4066645.7406
 -2210809.2649   4404101.6905   4066626.2100
 -2210858.9441   4404117.3916   4066606.9187
 -2210908.7680   4404133.6038   4066587.8662
 -2210958.6070   4404149.5574   4066568.5365
 -2211008.4208   4404165.4699   4066549.3383
 -2211057.8835   4404181.5169   4066530.2691
 -2211107.5032   4404197.7664   4066511.1929
 -2211157.2640   4404213.7123   4066492.2475
 -2211206.7880   4404229.6749   4066473.1286
 -2211256.4521   4404245.8296   4066454.0720
 -2211306.2790   4404261.7988   4066434.8275
 -2211355.8685   4404277.6790   4066415.5230
 -2211405.7912   4404293.3131   4066396.0665
 -2211455.1312   4404308.9725   4066376.9797
 -2211505.0717   4404324.8340   4066357.5415
 -2211554.8673   4404340.5988   4066338.3331
 -2211604.5676   4404356.5891   4066319.2476
 -2211654.0642   4404372.4452   4066299.7331
 -2211703.5805   4404388.4220   4066280.2963
 -2211753.0444   4404404.5117   4066261.5645
 -2211803.0856   4404420.7165   4066242.4306
 -2211852.7807   4404436.9641   4066223.1746
 -2211902.4256   4404452.7886   4066203.9711
 -2211952.1431   4404468.7964   4066184.7467
 -2212001.8705   4404484.6645   4066165.7641
 -2212051.8572   4404500.3922   4066146.7641
 -2212101.1801   4404516.2408   4066127.5807
 -2212150.9938   4404532.3287   4066108.5939
 -2212200.6626   4404548.3199   4066089.3587
 -2212250.4665   4404564.3404   4066070.2737
 -2212299.9936   4404580.4508   4066051.0825
 -2212349.5236   4404596.0297   4066031.3011
 -2212399.0120   4404611.5644   4066011.7266
 -2212448.8917   4404627.2804   4065992.3842
 -2212498.5625   4404643.2848   4065973.1735
 -2212548.3490   4404659.4822   4065953.9612
 -2212597.9033   4404675.7626   4065934.9048
 -2212647.6651   4404691.8514   4065916.0896
 -2212697.3704   4404707.8374   4065896.8959
 -2212746.9964   4404723.6554   4065877.5851
 -2212796.6192   4404739.5643   4065858.3971
 -2212846.2217   4404755.4539   4065839.3689
 -2212895.9415   4404771.2228   4065819.9648
 -2212945.6340   4404787.0484   4065800.7122
 -2212995.2348   4404802.7230   4065781.2952
 -2213045.1630   4404819.0027   4065762.0306
 -2213094.8442   4404834.9155   4065743.0949
 -2213144.6299   4404851.2077   4065724.1608
 -2213194.0570   4404866.9979   4065704.9891
 -2213244.0275   4404883.0371   4065685.9011
 -2213293.6312   4404898.8915   4065666.5487
 -2213343.1371   4404914.6151   4065647.2088
 -2213392.6083   4404930.7444   4065628.0583
 -2213442.0914   4404946.6686   4065608.6476
 -2213491.7727   4404962.5601   4065589.5746
 -2213541.8161   4404978.6838   4065570.5041
 -2213591.7184   4404994.8004   4065551.2446
 -2213641.3071   4405010.8315   4065532.3135
 -2213691.0242   4405026.6339   4065512.9588
 -2213740.8853   4405042.6707   4065494.0063
 -2213790.5370   4405058.5758   4065474.7273
 -2213839.9809   4405074.0492   4065454.9921
 -2213889.6327   4405089.9660   4065436.0042
 -2213939.2715   4405106.1442   4065416.6681
 -2213988.9040   4405122.2330   4065397.5537
 -2214038.5856   4405138.0504   4065378.4092
 -2214088.2581   4405153.9535   4065359.1336
 -2214137.9155   4405169.8482   4065339.7334
 -2214187.4616   4405186.0055   4065320.7279
 -2214237.5583   4405202.0913   4065301.6676
 -2214286.9229   4405217.9640   4065282.4618
 -2214336.6893   4405233.9889   4065263.1743
 -2214386.3974   4405250.0342   4065244.1086
 -2214436.1684   4405265.8235   4065224.7322
 -2214486.0758   4405282.1858   4065205.7414
 -2214535.9852   4405297.9173   4065186.2169
 -2214585.4591   4405313.6282   4065166.9353
 -2214635.1006   4405329.4810   4065147.7892
 -2214684.6819   4405345.4331   4065128.6093
 -2214734.0455   4405361.1296   4065109.2709
 -2214783.2490   4405377.2027   4065089.9113
 -2214832.8891   4405393.1980   4065070.7107
 -2214882.9440   4405409.0354   4065051.5413
 -2214932.8772   4405425.2347   4065032.4234
 -2214982.8086   4405440.9493   4065013.3077
 -2215032.2920   4405457.0117   4064994.0602
 -2215081.6921   4405472.8610   4064974.6768
 -2215131.2359   4405488.5239   4064955.1766
 -2215181.2935   4405504.9574   4064936.1205
 -2215231.0178   4405520.9772   4064916.9232
 -2215280.9157   4405537.1554   4064897.8978
 -2215330.5531   4405553.2115   4064878.6719
 -2215379.9417   4405568.8864   4064859.5312
 -2215429.8574   4405584.8649   4064840.4852
 -2215479.3382   4405600.4993   4064821.3403
 -2215528.9805   4405616.7626   4064802.4354
 -2215578.4677   4405632.5213   4064783.0514
 -2215628.4162   4405648.5104   4064763.3838
 -2215678.3086   4405664.5115   4064744.2220
 -2215728.1582   4405680.3539   4064724.8372
 -2215777.7206   4405696.6650   4064705.8501
 -2215827.1291   4405712.6990   4064686.5069
 -2215876.6616   4405728.5398   4064667.1277
 -2215926.4685   4405744.2913   4064647.8766
 -2215976.4413   4405760.3674   4064628.7956
 -2216025.9704   4405776.4178   4064609.9411
 -2216075.6805   4405792.2753   4064590.7738
 -2216125.3967   4405808.3886   4064571.8456
 -2216174.9080   4405824.4491   4064552.6376
 -2216224.4100   4405840.3230   4064533.1492
 -2216274.1230   4405856.3713   4064513.9974
 -2216323.8414   4405872.5753   4064494.5224
 -2216373.6446   4405888.4558   4064475.1569
 -2216423.3325   4405904.5003   4064456.1606
 -2216473.2063   4405920.1019   4064436.6867
 -2216522.6338   4405935.7493   4064417.5876
 -2216571.9649   4405951.4130   4064397.9742
 -2216622.0051   4405967.6666   4064378.9536
 -2216672.0061   4405983.5587   4064359.7956
 -2216721.4505   4405999.4254   4064340.5339
 -2216770.5028   4406015.3480   4064321.1606
 -2216820.2891   4406031.4423   4064301.8116
 -2216870.1366   4406047.7168   4064282.5015
 -2216919.9509   4406063.6273   4064263.4485
 -2216969.3521   4406079.2571   4064244.1605
 -2217018.8088   4406095.2277   4064224.8375
 -2217068.7137   4406111.0779   4064205.6166
 -2217118.5930   4406126.9829   4064186.3828
 -2217168.0490   4406142.9234   4064167.0096
 -2217217.6896   4406159.0006   4064147.7628
 -2217267.4423   4406175.0138   4064128.9150
 -2217317.1101   4406191.0275   4064109.6102
 -2217366.6378   4406207.1009   4064090.2775
 -2217416.4894   4406223.2795   4064071.0327
 -2217466.2443   4406239.1887   4064051.9248
 -2217515.8490   4406255.2795   4064032.8922
 -2217565.6484   4406270.9946   4064013.8295
 -2217615.0482   4406286.7461   4063994.5728
 -2217664.9684   4406302.5911   4063975.0614
 -2217714.4381   4406318.7162   4063955.9338
 -2217764.0569   4406334.3131   4063936.3509
 -2217813.9864   4406350.5288   4063916.9950
 -2217863.5533   4406366.6347   4063897.8303
 -2217913.2329   4406382.5219   4063878.4503
 -2217962.6200   4406398.7571   4063859.7710
 -2218012.3469   4406414.6966   4063840.5799
 -2218061.8626   4406430.5758   4063821.4075
 -2218111.4809   4406446.5043   4063802.1474
 -2218161.3156   4406462.4224   4063782.8205
 -2218211.1201   4406478.5509   4063763.7189
 -2218260.9606   4406494.8226   4063744.5468
 -2218310.7572   4406510.5801   4063724.9888
 -2218360.2574   4406526.2332   4063705.3251
 -2218409.8167   4406542.2692   4063686.1588
 -2218459.3430   4406558.0557   4063666.9467
 -2218508.9982   4406573.7068   4063647.5524
 -2218558.5984   4406589.9312   4063628.6276
 -2218608.3330   4406605.8239   4063609.4526
 -2218658.1245   4406621.8675   4063590.1111
 -2218707.8982   4406637.8792   4063570.5288
 -2218757.6355   4406653.8055   4063551.1904
 -2218806.8549   4406669.8396   4063532.1339
 -2218856.2770   4406685.6316   4063512.7893
 -2218906.3925   4406701.9094   4063493.7383
 -2218956.1375   4406717.7354   4063474.6010
 -2219005.7829   4406733.7025   4063455.4435
 -2219055.4595   4406749.6184   4063435.9572
 -2219105.0664   4406765.5282   4063416.7281
 -2219154.3685   4406781.3769   4063397.4719
 -2219203.8757   4406797.3624   4063378.3640
 -2219253.7363   4406813.2317   4063359.1741
 -2219303.1356   4406829.2465   4063339.9663
 -2219352.7140   4406845.1110   4063320.5454
 -2219402.7230   4406861.3005   4063301.1165
 -2219452.5019   4406877.4090   4063282.0339
 -2219502.4875   4406893.4460   4063263.0311
 -2219551.9838   4406909.4434   4063243.7626
 -2219601.6412   4406925.3837   4063224.6381
 -2219651.4960   4406941.5121   4063205.3140
 -2219701.1542   4406957.2482   4063185.8132
 -2219750.7224   4406973.1957   4063166.5537
 -2219800.6257   4406989.0185   4063147.2103
 -2219850.3048   4407005.3355   4063128.1243
 -2219899.5200   4407021.0118   4063108.9033
 -2219949.0042   4407036.8984   4063089.5386
 -2219998.6225   4407052.7554   4063070.2484
 -2220048.2353   4407068.7357   4063050.7595
 -2220098.1325   4407084.7510   4063031.5126
 -2220147.4327   4407100.6130   4063012.2696
 -2220197.2215   4407116.6548   4062993.2261
 -2220247.0310   4407132.8396   4062974.2854
 -2220296.6652   4407148.7769   4062954.5989
 -2220346.3369   4407164.6247   4062935.4360
 -2220396.1605   4407180.6290   4062916.3614
 -2220445.6036   4407196.8280   4062897.1278
 -2220495.2790   4407212.8083   4062877.9821
 -2220544.8017   4407228.8631   4062858.5863
 -2220594.6700   4407244.9371   4062839.5332
 -2220644.4119   4407260.8846   4062820.0894
 -2220694.0977   4407276.6648   4062800.6241
 -2220743.7116   4407292.3318   4062781.2589
 -2220793.4972   4407308.1532   4062761.9255
 -2220843.2010   4407324.3340   4062742.6727
 -2220892.9221   4407340.3210   4062723.5296
 -2220942.6618   4407356.1131   4062704.0723
 -2220992.0697   4407372.1032   4062684.9323
 -2221041.7417   4407388.2453   4062665.7802
 -2221091.4634   4407404.3861   4062646.5687
 -2221141.0356   4407420.2547   4062627.4536
 -2221190.8387   4407435.9382   4062607.9940
 -2221240.3822   4407451.7720   4062588.6766
 -2221289.7866   4407467.5883   4062569.3823
 -2221339.3667   4407483.7035   4062550.3272
 -2221389.0524   4407499.6675   4062531.0845
 -2221438.5481   4407515.9164   4062511.8226
 -2221488.1610   4407531.8288   4062492.6828
 -2221538.0472   4407547.7668   4062473.4424
 -2221587.6331   4407563.6144   4062453.8982
 -2221637.4610   4407579.8067   4062434.7104
 -2221687.2583   4407595.9376   4062415.3450
 -2221736.7994   4407611.6522   4062396.0758
 -2221786.2338   4407627.3138   4062376.5969
 -2221836.1990   4407643.2753   4062357.2133
 -2221885.9461   4407659.1073   4062337.8742
 -2221935.3883   4407675.5690   4062318.8098
 -2221984.9683   4407691.7520   4062299.8184
 -2222034.5499   4407707.6577   4062280.3420
 -2222084.2633   4407723.4632   4062260.9433
 -2222133.9113   4407739.3771   4062241.6471
 -2222183.4481   4407755.2770   4062222.1865
 -2222232.9819   4407771.2814   4062203.2721
 -2222282.7299   4407787.3731   4062183.8940
 -2222332.5196   4407803.3818   4062164.7338
 -2222381.9957   4407819.7406   4062145.8121
