 -2180214.4294   4394323.5349   4078354.3230
 -2180223.1431   4394325.6430   4078350.5492
 -2180231.4555   4394328.3125   4078346.3636
 -2180239.7369   4394331.6095   4078343.0464
 -2180248.9896   4394334.5555   4078340.2498
 -2180257.8406   4394338.4410   4078337.7093
 -2180267.1304   4394341.3272   4078334.7769
 -2180276.6276   4394344.0779   4078331.6996
 -2180285.3197   4394347.3493   4078328.4395
 -2180294.1483   4394349.3827   4078323.8471
 -2180302.3008   4394350.9497   4078320.3644
 -2180311.4964   4394354.0676   4078317.5144
 -2180319.6820   4394357.0667   4078314.5111
 -2180329.1605   4394358.1238   4078309.1566
 -2180338.0367   4394360.2845   4078305.0057
 -2180346.4633   4394363.8910   4078302.6706
 -2180356.0784   4394367.3225   4078299.6655
 -2180364.5378   4394368.7515   4078295.7426
 -2180372.9091   4394371.5864   4078293.4320
 -2180381.9157   4394374.4061   4078288.8083
 -2180391.2502   4394376.3876   4078283.7928
 -2180400.1961   4394377.9884   4078279.2700
 -2180410.2271   4394380.0183   4078275.6380
 -2180418.2634   4394380.7988   4078270.2548
 -2180427.1831   4394385.9787   4078268.0238
 -2180436.9820   4394389.9796   4078265.5657
 -2180445.6016   4394393.4626   4078262.6764
 -2180454.7642   4394395.4766   4078258.6166
 -2180463.6287   4394398.1797   4078254.8967
 -2180472.5086   4394400.7551   4078250.8158
 -2180481.1508   4394403.2052   4078247.7366
 -2180490.4384   4394406.7513   4078245.1978
 -2180498.9893   4394410.6745   4078243.2310
 -2180508.2345   4394413.7891   4078239.5951
 -2180515.8770   4394415.4503   4078236.0002
 -2180524.6809   4394418.3894   4078232.9883
 -2180533.0673   4394421.4762   4078230.6047
 -2180541.9006   4394423.8019   4078226.7000
 -2180552.0727   4394428.6869   4078223.9633
 -2180560.9581   4394432.3727   4078221.1402
 -2180570.3444   4394434.8058   4078217.7247
 -2180578.8301   4394437.1757   4078213.5707
 -2180588.1818   4394440.8303   4078210.6911
 -2180597.5589   4394444.5119   4078207.5905
 -2180606.2668   4394448.8179   4078205.5954
 -2180615.7841   4394451.5120   4078202.2359
 -2180624.3692   4394453.1057   4078197.8892
 -2180633.8321   4394455.9849   4078193.8456
 -2180642.4133   4394459.7606   4078191.2805
 -2180651.3141   4394460.4103   4078186.9283
 -2180660.1779   4394463.6186   4078183.4267
 -2180669.3265   4394466.1306   4078179.2703
 -2180677.8847   4394468.4603   4078175.8328
 -2180687.1404   4394471.8716   4078172.7142
 -2180696.0277   4394474.2776   4078168.7877
 -2180705.0946   4394476.7515   4078164.9336
 -2180713.9589   4394479.2717   4078161.2335
 -2180722.6739   4394482.1994   4078157.9149
 -2180731.8167   4394486.5299   4078154.9535
 -2180740.5260   4394488.2965   4078151.0208
 -2180749.6357   4394490.5750   4078147.6832
 -2180758.7897   4394493.7615   4078143.9701
 -2180768.0378   4394496.5159   4078140.8369
 -2180777.4188   4394500.2731   4078137.9981
 -2180786.1560   4394502.9413   4078134.2332
 -2180795.1366   4394505.6201   4078130.5877
 -2180803.7390   4394507.8842   4078126.0962
 -2180813.1052   4394512.0640   4078123.8267
 -2180822.9485   4394515.5376   4078121.0363
 -2180831.5147   4394518.4878   4078117.4971
 -2180840.5748   4394522.6897   4078114.8102
 -2180849.2209   4394524.4105   4078110.5275
 -2180857.4594   4394527.1769   4078107.4516
 -2180867.2721   4394530.9936   4078104.5652
 -2180875.6153   4394532.9150   4078100.2511
 -2180884.3053   4394534.4856   4078096.0109
 -2180893.2010   4394537.4924   4078092.4220
 -2180902.2078   4394541.4126   4078090.1118
 -2180911.9103   4394545.6386   4078087.6165
 -2180920.9771   4394548.5407   4078084.3648
 -2180930.0129   4394550.5439   4078079.7523
 -2180939.4255   4394554.7218   4078077.3975
 -2180948.4725   4394558.0303   4078073.9896
 -2180957.5555   4394561.7820   4078071.0746
 -2180966.6449   4394564.6650   4078067.2608
 -2180974.7642   4394565.7343   4078062.9449
 -2180983.5194   4394568.3899   4078059.3351
 -2180992.6157   4394571.9016   4078056.5085
 -2181001.5397   4394573.5823   4078052.6772
 -2181010.4292   4394575.6319   4078049.0137
 -2181018.9994   4394578.3868   4078045.2415
 -2181028.3092   4394581.9067   4078042.6583
 -2181037.0952   4394583.8036   4078039.0269
 -2181046.4199   4394587.7776   4078035.8010
 -2181055.6206   4394591.1046   4078032.6700
 -2181064.1024   4394594.0088   4078028.8509
 -2181073.3620   4394595.8810   4078024.8750
 -2181081.6443   4394598.3134   4078021.5021
 -2181090.9184   4394602.0861   4078018.3981
 -2181100.2375   4394605.1752   4078015.1715
 -2181109.3956   4394608.0792   4078012.4525
 -2181118.1025   4394610.0910   4078008.4065
 -2181126.8082   4394612.3737   4078004.6942
 -2181135.8881   4394614.6091   4078001.2444
 -2181144.5553   4394617.0739   4077997.2176
 -2181153.3803   4394620.2846   4077994.5071
 -2181162.3443   4394622.5484   4077990.9329
 -2181171.7203   4394626.1184   4077987.7609
 -2181181.1126   4394627.8876   4077983.5937
 -2181188.9205   4394629.3915   4077979.0265
 -2181197.8916   4394632.6622   4077976.2807
 -2181206.8532   4394635.6161   4077973.0039
 -2181216.2655   4394639.6775   4077970.5529
 -2181225.3849   4394642.6726   4077967.5437
 -2181234.6494   4394645.5610   4077963.5194
 -2181243.7843   4394648.2811   4077960.3369
 -2181252.3226   4394651.9262   4077957.4518
 -2181261.3977   4394653.6759   4077953.1742
 -2181269.7352   4394657.0765   4077949.8186
 -2181278.0265   4394660.4076   4077946.6819
 -2181287.4609   4394663.0160   4077942.8635
 -2181296.4439   4394665.3979   4077939.2913
 -2181305.9800   4394667.9259   4077935.5789
 -2181314.7488   4394671.4496   4077932.6358
 -2181324.3034   4394675.6125   4077930.1493
 -2181332.7928   4394678.7403   4077926.8724
 -2181341.8323   4394681.3632   4077923.5759
 -2181350.5640   4394684.8770   4077920.4392
 -2181360.5717   4394687.9187   4077916.8835
 -2181370.2577   4394691.4517   4077914.2422
 -2181378.2475   4394693.6252   4077909.9459
 -2181387.2021   4394695.6368   4077906.3292
 -2181395.7846   4394698.5632   4077902.5267
 -2181404.4928   4394702.2386   4077899.3264
 -2181413.1023   4394705.4550   4077896.2171
 -2181422.6537   4394706.9460   4077892.2030
 -2181431.3423   4394709.6749   4077888.4429
 -2181440.7049   4394712.6199   4077884.7583
 -2181449.4135   4394715.9135   4077881.8143
 -2181458.6928   4394719.2245   4077878.7798
 -2181467.4291   4394723.3605   4077876.1154
 -2181476.6255   4394726.2692   4077872.7156
 -2181485.4960   4394729.0175   4077869.1344
 -2181493.7084   4394731.0111   4077865.1581
 -2181502.7961   4394734.7239   4077861.6729
 -2181512.0310   4394737.2124   4077858.4385
 -2181521.4965   4394739.9604   4077854.9179
 -2181530.0956   4394742.8627   4077851.3505
 -2181539.5016   4394746.6740   4077848.5293
 -2181548.1580   4394750.4875   4077845.7453
 -2181557.0358   4394752.9607   4077841.8700
 -2181566.5310   4394755.8180   4077838.0238
 -2181575.4032   4394758.9699   4077834.9834
 -2181584.6535   4394763.0026   4077832.8150
 -2181593.3815   4394765.4876   4077828.9412
 -2181602.3648   4394767.3215   4077824.8996
 -2181611.0623   4394770.5570   4077821.8812
 -2181620.0903   4394773.5663   4077818.0862
 -2181628.3627   4394775.8633   4077814.5617
 -2181637.9485   4394779.5735   4077811.8314
 -2181646.6530   4394781.2884   4077807.4593
 -2181655.6345   4394783.6863   4077804.4498
 -2181664.5568   4394786.7124   4077801.1483
 -2181673.2780   4394788.6984   4077797.4034
 -2181681.8971   4394791.6337   4077793.4673
 -2181691.4340   4394795.5426   4077790.8031
 -2181700.2595   4394798.1664   4077787.4632
 -2181708.2821   4394800.2627   4077783.8827
 -2181717.5240   4394803.3745   4077780.5717
 -2181726.8576   4394805.6835   4077776.6649
 -2181735.6351   4394808.4238   4077773.3593
 -2181744.4630   4394811.5576   4077770.1377
 -2181753.2537   4394813.4696   4077765.9827
 -2181762.5416   4394816.9787   4077763.5011
 -2181771.5498   4394820.5569   4077760.2813
 -2181780.2304   4394823.7122   4077756.5676
 -2181789.2818   4394826.0014   4077753.1036
 -2181798.7062   4394828.2234   4077749.0271
 -2181807.4523   4394831.0104   4077746.0078
 -2181816.7921   4394834.9935   4077743.3575
 -2181825.7026   4394836.6747   4077739.5288
 -2181834.0538   4394838.6322   4077735.3592
 -2181843.1160   4394841.7162   4077732.0065
 -2181852.6036   4394845.8222   4077729.1176
 -2181861.6986   4394848.1422   4077725.7232
 -2181870.5506   4394849.9622   4077721.7182
 -2181879.7348   4394854.2497   4077719.1350
 -2181888.3373   4394857.3201   4077715.7923
 -2181897.3285   4394860.2051   4077712.3376
 -2181906.5487   4394863.0988   4077709.1527
 -2181915.5968   4394864.9317   4077704.7897
 -2181924.7393   4394867.8556   4077702.0957
 -2181933.2871   4394870.8075   4077698.5501
 -2181942.5063   4394873.4337   4077694.5140
 -2181951.4045   4394876.5128   4077691.5207
 -2181960.7296   4394879.1738   4077688.1493
 -2181969.4095   4394881.6224   4077684.4074
 -2181978.6649   4394884.9542   4077681.4412
 -2181988.2857   4394887.4968   4077677.9739
 -2181996.2936   4394889.2281   4077674.0137
 -2182005.6869   4394891.7345   4077670.2333
 -2182014.3200   4394895.2446   4077667.6005
 -2182023.5565   4394898.5411   4077664.3856
 -2182032.6994   4394901.8412   4077660.7739
 -2182042.2353   4394905.8469   4077658.4760
 -2182050.8970   4394907.6988   4077654.2183
 -2182059.6939   4394910.2246   4077650.6592
 -2182068.7531   4394912.8599   4077647.3803
 -2182077.7935   4394916.4657   4077644.3924
 -2182086.8935   4394918.1704   4077640.3510
 -2182095.4317   4394920.3092   4077636.4992
 -2182104.2053   4394923.8191   4077633.0428
 -2182113.5708   4394927.0130   4077630.0122
 -2182122.1862   4394928.8130   4077626.3776
 -2182131.6369   4394931.9910   4077623.0792
 -2182140.3708   4394935.2368   4077619.9589
 -2182149.7819   4394937.6850   4077616.4501
 -2182158.3535   4394941.2481   4077613.3537
 -2182168.0380   4394945.6652   4077610.9418
 -2182176.9673   4394947.2396   4077606.8209
 -2182185.7974   4394950.8430   4077603.7234
 -2182193.8677   4394951.9928   4077599.1496
 -2182202.5838   4394954.3380   4077595.5026
 -2182211.9348   4394957.2627   4077592.5280
 -2182220.9140   4394959.6447   4077588.4306
 -2182229.8200   4394963.0988   4077585.2791
 -2182239.0336   4394966.6205   4077582.4397
 -2182247.5123   4394968.7609   4077578.4098
 -2182256.4043   4394971.8249   4077575.1394
 -2182265.1755   4394973.0797   4077570.6470
 -2182275.1027   4394977.6770   4077568.7786
 -2182283.7517   4394979.3717   4077564.4874
 -2182292.7112   4394982.8327   4077561.4412
 -2182301.5670   4394984.7713   4077557.6654
 -2182311.2763   4394988.4680   4077554.8692
 -2182319.9795   4394991.3823   4077551.3961
 -2182328.5390   4394995.3494   4077548.1519
 -2182337.6352   4394997.5346   4077544.6986
 -2182346.8665   4395000.2344   4077541.0765
 -2182355.4176   4395002.9249   4077537.8114
 -2182364.9001   4395006.5094   4077534.7953
 -2182373.6061   4395008.2955   4077530.5808
 -2182382.2501   4395012.0467   4077527.6165
 -2182390.5751   4395014.3783   4077523.9668
 -2182400.5024   4395018.7212   4077521.6908
 -2182409.1550   4395020.7568   4077517.6175
 -2182418.4698   4395025.2097   4077515.2736
 -2182426.8315   4395026.9074   4077510.8766
 -2182435.1781   4395027.3682   4077505.8678
 -2182444.5170   4395031.9103   4077503.4777
 -2182454.0324   4395034.8820   4077500.4051
 -2182462.6961   4395037.7049   4077496.7605
 -2182471.8178   4395041.0345   4077494.0290
 -2182480.8238   4395043.2020   4077490.1291
 -2182490.2598   4395047.3353   4077487.2637
 -2182498.5736   4395049.6280   4077483.8753
 -2182507.4275   4395051.9708   4077479.6100
 -2182516.9144   4395055.8843   4077477.3818
 -2182525.7874   4395056.6122   4077472.2063
 -2182534.2205   4395059.1671   4077468.7071
 -2182542.9856   4395061.7478   4077464.7917
 -2182552.1667   4395065.6285   4077462.1045
 -2182561.3527   4395069.3399   4077459.8215
 -2182570.6284   4395072.6296   4077456.3187
 -2182579.1692   4395074.6737   4077452.4109
 -2182587.6510   4395078.1600   4077449.5520
 -2182597.0434   4395081.4248   4077446.2537
 -2182605.5580   4395083.9248   4077442.4740
 -2182614.7957   4395085.4988   4077438.2234
 -2182623.7224   4395089.4374   4077435.6727
 -2182632.7248   4395092.4238   4077432.7601
 -2182641.3145   4395094.1861   4077428.3687
 -2182650.9812   4395098.3866   4077425.7402
 -2182660.2086   4395101.7442   4077422.6834
 -2182668.9227   4395105.1231   4077419.7794
 -2182677.6935   4395108.3252   4077416.4191
 -2182686.4940   4395109.6373   4077411.9193
 -2182694.9387   4395111.1216   4077407.6411
 -2182704.3067   4395114.7994   4077405.1484
 -2182712.9194   4395117.4609   4077401.1256
 -2182722.5643   4395121.2807   4077398.6067
 -2182730.8237   4395123.2995   4077394.6969
 -2182739.7001   4395126.0118   4077391.0537
 -2182748.3049   4395128.5031   4077387.4686
 -2182757.9944   4395132.2566   4077384.6430
 -2182767.0825   4395134.9424   4077380.6112
 -2182775.9031   4395137.6556   4077377.5081
 -2182784.5229   4395141.3383   4077374.2763
 -2182792.8695   4395142.8827   4077370.2423
 -2182801.4080   4395145.7594   4077367.0391
 -2182811.4447   4395150.0852   4077364.5080
 -2182820.8205   4395154.0180   4077361.8235
 -2182829.8402   4395155.3574   4077357.2363
 -2182838.3688   4395157.7152   4077353.6924
 -2182847.3225   4395160.9760   4077350.8096
 -2182856.6515   4395164.7787   4077347.8299
 -2182865.2413   4395167.1200   4077343.6613
 -2182874.4655   4395169.7341   4077340.4052
 -2182883.6976   4395170.8327   4077336.0670
 -2182892.3024   4395175.0656   4077333.2143
 -2182901.0656   4395177.2343   4077329.6535
 -2182909.8080   4395179.1410   4077325.2646
 -2182918.6810   4395181.7761   4077321.4458
 -2182927.5540   4395184.6107   4077318.3940
 -2182937.3684   4395189.3068   4077316.0470
 -2182945.8885   4395192.0096   4077312.7406
 -2182954.4960   4395194.0065   4077308.7918
 -2182963.4087   4395196.3327   4077304.9155
 -2182972.7028   4395200.1487   4077302.5084
 -2182982.0092   4395202.8428   4077298.9491
 -2182991.2391   4395207.0665   4077296.5025
 -2182999.8459   4395209.2705   4077292.1480
 -2183009.4072   4395212.8080   4077289.7348
 -2183018.0837   4395215.8308   4077286.2015
 -2183027.2418   4395218.4077   4077282.4746
 -2183035.6023   4395221.0064   4077278.4959
 -2183044.4923   4395223.2395   4077275.0909
 -2183054.2232   4395227.3412   4077272.5835
 -2183062.3123   4395229.2841   4077268.3159
 -2183071.1482   4395232.6297   4077265.2184
 -2183080.8381   4395235.6346   4077262.2452
 -2183089.5095   4395238.1864   4077258.3765
 -2183098.2645   4395240.8886   4077254.6907
 -2183107.6590   4395243.7594   4077251.6188
 -2183116.5129   4395246.6698   4077248.0422
 -2183125.6734   4395250.7006   4077245.4952
 -2183134.6446   4395253.6815   4077242.3235
 -2183142.6613   4395254.5825   4077237.4489
 -2183151.6916   4395257.4391   4077234.1221
 -2183160.9945   4395260.5752   4077230.7524
 -2183170.5136   4395264.1219   4077227.7627
 -2183179.6968   4395268.4857   4077225.1746
 -2183188.1378   4395270.3986   4077221.3552
 -2183196.5212   4395272.1030   4077216.9868
 -2183205.3858   4395275.1369   4077213.8490
 -2183215.0773   4395278.7621   4077210.4529
 -2183224.6235   4395282.6459   4077208.5323
 -2183233.9151   4395286.8568   4077205.7217
 -2183241.6300   4395286.7798   4077200.1435
 -2183250.5593   4395289.7443   4077196.5730
 -2183259.6822   4395292.9180   4077193.6748
 -2183267.8043   4395294.7185   4077189.2946
 -2183277.2824   4395298.5509   4077186.8998
 -2183286.3281   4395301.8478   4077184.0387
 -2183296.1383   4395305.3910   4077181.2805
 -2183304.1113   4395306.4468   4077176.3222
 -2183312.5513   4395309.3739   4077173.0147
 -2183322.1637   4395313.1409   4077170.3667
 -2183331.3483   4395317.1090   4077167.4509
 -2183340.0745   4395319.6230   4077163.7755
 -2183348.8305   4395320.8889   4077159.1035
 -2183357.8461   4395324.7513   4077156.2333
 -2183366.5377   4395325.9907   4077152.0985
 -2183375.6336   4395330.2150   4077149.5465
 -2183384.7574   4395334.3249   4077146.7377
 -2183393.3574   4395336.0160   4077142.5262
 -2183402.2305   4395337.7096   4077138.3558
 -2183410.9317   4395339.4944   4077134.0539
 -2183420.5163   4395344.4076   4077132.0245
 -2183429.6666   4395347.2987   4077129.2697
 -2183437.7968   4395349.2936   4077124.8092
 -2183446.3249   4395350.5912   4077120.1009
 -2183455.9660   4395354.9665   4077117.6932
 -2183465.1227   4395358.3400   4077115.2749
 -2183474.6459   4395362.4779   4077112.5299
 -2183483.6777   4395364.4298   4077108.7039
 -2183492.5489   4395367.4688   4077105.2527
 -2183500.6663   4395368.9945   4077100.9514
 -2183509.3632   4395370.7406   4077096.9827
 -2183518.5192   4395374.2470   4077093.9552
 -2183528.3226   4395378.9581   4077091.0496
 -2183536.5553   4395381.6421   4077087.8138
 -2183546.3744   4395385.4877   4077085.6816
 -2183554.4949   4395386.1987   4077080.5389
 -2183564.1958   4395389.8916   4077077.5410
 -2183572.8791   4395392.6211   4077074.1539
 -2183581.8989   4395395.1337   4077070.6540
 -2183590.6435   4395397.3500   4077066.7710
 -2183599.4423   4395400.4288   4077063.6524
 -2183608.1324   4395403.6793   4077060.2982
 -2183617.3232   4395406.3284   4077056.7223
 -2183625.3974   4395407.6222   4077052.0058
 -2183634.1656   4395409.6940   4077048.5508
 -2183644.4310   4395415.3753   4077047.0520
 -2183653.5968   4395419.2316   4077044.1677
 -2183662.2586   4395421.2075   4077040.4162
 -2183671.0253   4395423.1465   4077036.4393
 -2183680.0433   4395426.3877   4077032.9883
 -2183689.1160   4395429.0166   4077029.3715
 -2183698.5307   4395432.4942   4077026.4201
 -2183706.8490   4395434.4422   4077021.8832
 -2183715.4166   4395437.6237   4077019.0161
 -2183724.3823   4395440.2309   4077015.4868
 -2183733.9596   4395443.2344   4077012.1374
 -2183742.9747   4395446.9343   4077009.1650
 -2183752.3600   4395450.5597   4077006.3848
 -2183760.5115   4395452.7122   4077002.4477
 -2183769.6901   4395454.8705   4076999.0948
 -2183779.4087   4395458.9077   4076996.2981
 -2183787.5324   4395460.7810   4076991.7823
 -2183796.0872   4395462.6218   4076987.6695
 -2183804.9291   4395465.4764   4076984.5815
 -2183814.6871   4395469.2550   4076981.7155
 -2183823.4388   4395472.3320   4076978.4961
 -2183831.8910   4395474.3952   4076974.1179
 -2183841.1503   4395477.2305   4076970.7424
 -2183849.9420   4395479.8239   4076967.3951
 -2183858.7996   4395483.1944   4076964.3357
 -2183867.9456   4395486.0535   4076960.8001
 -2183877.8048   4395491.4020   4076959.1485
 -2183886.9251   4395494.6903   4076956.2390
 -2183894.2507   4395494.5316   4076950.7281
 -2183903.6522   4395497.9669   4076947.6654
 -2183912.9672   4395501.3499   4076944.4446
 -2183921.8618   4395504.3732   4076941.0264
 -2183930.1220   4395505.8112   4076936.5864
 -2183939.5571   4395508.8383   4076933.2772
 -2183948.4212   4395512.5588   4076930.3770
 -2183957.0092   4395515.0089   4076926.8642
 -2183966.5371   4395518.2429   4076923.9748
 -2183975.6770   4395520.7001   4076919.9789
 -2183984.7843   4395524.0836   4076917.1733
 -2183994.1993   4395528.1806   4076915.0753
 -2184003.1840   4395530.5261   4076911.2069
 -2184011.0705   4395531.0971   4076905.8629
 -2184020.2779   4395534.1203   4076902.9053
 -2184029.2245   4395538.0235   4076899.7595
 -2184038.8867   4395542.7302   4076897.4794
 -2184048.1918   4395545.4561   4076894.5132
 -2184056.8777   4395548.1809   4076890.6985
 -2184065.7884   4395550.5540   4076887.2157
 -2184074.6942   4395553.3092   4076883.5177
 -2184082.9419   4395554.5056   4076879.2644
 -2184091.5623   4395557.3788   4076875.4379
 -2184101.0616   4395561.0919   4076872.1396
 -2184109.9537   4395564.2381   4076869.2539
 -2184119.2963   4395567.8073   4076866.6296
 -2184127.8316   4395570.2259   4076863.1079
 -2184136.3606   4395571.9873   4076858.8181
 -2184145.9729   4395575.0576   4076855.5162
 -2184155.1009   4395578.3670   4076852.1892
 -2184164.0544   4395582.0841   4076849.5755
 -2184172.8755   4395584.8023   4076845.7489
 -2184182.5550   4395588.2478   4076842.6610
 -2184191.5958   4395591.4165   4076839.5705
 -2184199.3111   4395592.3841   4076834.9549
 -2184208.6043   4395595.7363   4076831.7962
 -2184216.8473   4395597.8422   4076827.7235
 -2184225.2647   4395599.6071   4076823.6639
 -2184234.8723   4395603.6826   4076821.0713
 -2184244.8486   4395607.8400   4076818.6391
 -2184252.9414   4395609.3415   4076814.1211
 -2184261.8650   4395612.2411   4076810.8616
 -2184271.5618   4395615.9231   4076807.5081
 -2184280.0529   4395618.7913   4076804.6474
 -2184289.0582   4395621.4006   4076801.7157
 -2184297.9598   4395624.6792   4076798.3829
 -2184307.0052   4395627.3271   4076794.4139
 -2184316.8225   4395630.9787   4076791.5417
 -2184325.0350   4395632.9631   4076787.7365
 -2184333.8948   4395635.5709   4076783.7019
 -2184343.7951   4395640.4163   4076781.9054
 -2184351.7069   4395642.3253   4076777.5648
 -2184360.7548   4395644.3991   4076773.5643
 -2184370.2582   4395647.3402   4076770.8216
 -2184378.7024   4395649.8713   4076766.9192
 -2184387.5194   4395652.5135   4076763.5106
 -2184396.9811   4395656.1620   4076760.4789
 -2184406.3295   4395659.4170   4076757.5876
 -2184414.8735   4395662.4694   4076754.1162
 -2184423.4647   4395664.3289   4076749.5281
 -2184432.1794   4395665.8858   4076745.7279
 -2184441.1590   4395669.3768   4076742.6296
 -2184450.5816   4395673.1101   4076739.5260
 -2184459.8448   4395676.2715   4076736.9939
 -2184468.3241   4395678.2652   4076732.9656
 -2184477.5883   4395682.0588   4076729.5538
 -2184486.3801   4395684.2140   4076725.8783
 -2184495.5916   4395686.9160   4076722.9595
 -2184504.1413   4395690.1765   4076719.7006
 -2184513.3202   4395693.5870   4076716.4501
 -2184522.0866   4395695.1923   4076711.5354
 -2184531.6372   4395699.3227   4076709.6828
 -2184540.0340   4395701.1788   4076705.2791
 -2184548.9173   4395704.4283   4076701.9520
 -2184557.8583   4395706.4645   4076697.8655
 -2184566.5278   4395709.0351   4076694.5049
 -2184576.2040   4395713.2823   4076691.8750
 -2184585.5784   4395716.5125   4076689.2317
 -2184593.6771   4395718.4987   4076685.0130
 -2184602.2871   4395720.7581   4076680.8852
 -2184611.2879   4395724.0504   4076677.8612
 -2184620.9931   4395727.6603   4076675.4315
 -2184629.8458   4395730.3428   4076671.6859
 -2184638.9738   4395733.2198   4076668.0743
 -2184647.4889   4395735.3747   4076664.2535
 -2184656.8116   4395738.3925   4076661.3977
 -2184665.3421   4395740.9954   4076657.5908
 -2184674.2561   4395743.2864   4076653.4757
 -2184683.6067   4395746.9665   4076650.8701
 -2184692.3406   4395750.3515   4076647.6521
 -2184701.5400   4395753.1864   4076644.1924
 -2184710.4190   4395755.6360   4076641.1427
 -2184719.4521   4395757.9247   4076636.9237
 -2184727.9331   4395760.7752   4076633.2458
 -2184736.9130   4395763.9420   4076629.8084
 -2184745.2068   4395765.7697   4076625.6392
 -2184755.1677   4395769.5130   4076623.4527
 -2184764.2441   4395773.4946   4076620.7969
 -2184773.1148   4395775.8278   4076616.8744
 -2184781.9273   4395777.8360   4076612.6741
 -2184790.6303   4395780.7922   4076609.7598
 -2184799.0529   4395783.6643   4076606.1632
 -2184808.3318   4395786.1108   4076602.5393
 -2184816.8929   4395789.0456   4076598.9645
 -2184826.5518   4395792.7561   4076596.1848
 -2184835.1885   4395795.7302   4076593.1087
 -2184844.4945   4395798.3018   4076589.5821
 -2184853.7045   4395801.3799   4076586.0877
 -2184862.9394   4395804.5115   4076582.8735
 -2184871.4692   4395807.3698   4076579.5125
 -2184880.2265   4395809.7389   4076575.7545
 -2184889.4040   4395812.2827   4076571.7777
 -2184898.8228   4395815.7801   4076569.0194
 -2184907.5440   4395819.5016   4076566.1091
 -2184915.6299   4395820.8341   4076561.9524
 -2184925.3650   4395824.2935   4076558.6407
 -2184934.5801   4395826.7814   4076555.5321
 -2184942.8634   4395829.2405   4076551.3510
 -2184951.5800   4395832.3527   4076547.7300
 -2184960.6305   4395835.6739   4076545.5012
 -2184970.0695   4395839.3017   4076542.4459
 -2184979.1928   4395841.0806   4076538.0376
 -2184987.5659   4395843.2727   4076534.5276
 -2184996.6678   4395846.7461   4076530.8019
 -2185005.8981   4395849.9557   4076527.7495
 -2185015.0939   4395852.7385   4076524.4984
 -2185023.8146   4395855.5439   4076521.3118
 -2185031.9642   4395858.1525   4076517.6049
 -2185041.2730   4395860.8012   4076513.8682
 -2185049.7362   4395863.8785   4076510.4571
 -2185058.8566   4395866.5120   4076506.7351
 -2185068.8926   4395869.6599   4076503.7309
 -2185077.8957   4395872.9462   4076501.0045
 -2185086.0332   4395875.3213   4076496.9078
 -2185094.6503   4395877.7058   4076492.8898
 -2185104.5561   4395881.3432   4076489.8800
 -2185114.0768   4395884.9412   4076487.7619
 -2185122.1233   4395887.2924   4076483.6165
 -2185131.2822   4395890.4760   4076480.6208
 -2185140.0004   4395892.5116   4076476.6705
 -2185149.2248   4395895.4989   4076473.1535
 -2185158.1311   4395897.8716   4076469.8496
 -2185166.5841   4395900.6924   4076466.2560
 -2185175.6747   4395904.0962   4076462.6326
 -2185185.3262   4395906.8163   4076459.3784
 -2185193.4430   4395909.2488   4076455.9947
 -2185202.3642   4395912.0176   4076452.7671
 -2185211.5458   4395915.4932   4076449.5841
 -2185220.4575   4395918.6454   4076445.9693
 -2185230.1082   4395921.2172   4076442.4717
 -2185237.8494   4395923.9582   4076438.6675
 -2185246.7228   4395926.4155   4076435.6062
 -2185256.2914   4395929.4195   4076432.1058
 -2185265.6759   4395932.8041   4076429.2026
 -2185274.5967   4395936.2188   4076425.8849
 -2185283.6049   4395938.5637   4076421.8028
 -2185292.0569   4395941.2442   4076418.1713
 -2185301.0236   4395943.9834   4076415.0574
 -2185309.8142   4395946.3149   4076411.4788
 -2185318.7207   4395949.3455   4076408.4149
 -2185327.7190   4395952.1858   4076404.5667
 -2185336.8487   4395955.8271   4076401.8529
 -2185345.6284   4395958.0904   4076398.0574
 -2185354.9243   4395961.3618   4076394.7697
 -2185363.9215   4395963.4010   4076390.7420
 -2185372.6170   4395966.6680   4076387.7633
 -2185381.9938   4395969.8467   4076384.4745
 -2185390.5960   4395972.5703   4076381.2455
 -2185400.0104   4395975.8236   4076377.8261
 -2185408.4414   4395977.5914   4076373.5043
 -2185417.6847   4395980.8922   4076370.7367
 -2185426.5063   4395984.0940   4076367.8225
 -2185435.5792   4395987.1382   4076364.0648
 -2185444.8404   4395989.6102   4076360.2474
 -2185453.3894   4395992.7230   4076357.0544
 -2185462.1533   4395995.1990   4076353.4329
 -2185471.4912   4395998.4662   4076350.4239
 -2185480.1431   4396000.6987   4076346.6915
 -2185489.2989   4396003.9517   4076343.3909
 -2185498.2388   4396006.8749   4076340.0321
 -2185507.6816   4396010.0151   4076336.8653
 -2185516.4714   4396012.9437   4076333.4405
 -2185525.5106   4396016.0048   4076330.3101
 -2185534.2957   4396018.6660   4076326.8999
 -2185543.1183   4396021.7194   4076323.3292
 -2185551.9339   4396023.9989   4076319.5515
 -2185560.6597   4396026.2175   4076315.9184
 -2185569.6505   4396029.7515   4076313.1854
 -2185578.9368   4396032.6914   4076309.7698
 -2185588.1825   4396035.6534   4076306.1902
 -2185596.7284   4396038.5624   4076302.9053
 -2185605.8307   4396040.5592   4076298.6410
 -2185614.9013   4396044.0335   4076295.3958
 -2185623.8642   4396046.3969   4076291.9151
 -2185632.5500   4396049.8137   4076289.0770
 -2185641.4357   4396052.2710   4076285.4609
 -2185650.2217   4396055.1491   4076281.6528
 -2185660.0333   4396058.9033   4076278.8208
 -2185668.9308   4396061.7431   4076275.6815
 -2185677.6271   4396064.0772   4076271.5854
 -2185685.9513   4396066.9330   4076268.3900
 -2185695.6082   4396069.9131   4076265.2922
 -2185704.3403   4396072.2569   4076261.1266
 -2185713.4028   4396075.6459   4076257.9740
 -2185721.6965   4396078.0268   4076254.3362
 -2185730.7488   4396080.5130   4076250.7849
 -2185739.4650   4396083.6118   4076248.0382
 -2185748.2445   4396086.2114   4076243.6931
 -2185756.9790   4396088.6831   4076239.6269
 -2185766.1128   4396091.6567   4076236.8429
 -2185776.8293   4396095.9212   4076234.9753
 -2185785.0842   4396098.0367   4076230.6917
 -2185793.7918   4396101.0885   4076227.1701
 -2185802.1132   4396103.8011   4076223.6324
 -2185811.4493   4396106.5833   4076220.4517
 -2185820.3146   4396109.2306   4076216.7830
 -2185829.1362   4396112.1297   4076213.3158
 -2185838.3948   4396114.5210   4076210.1466
 -2185847.7762   4396118.0079   4076206.8193
 -2185857.1501   4396120.9133   4076203.1654
 -2185865.8332   4396124.2680   4076200.0766
 -2185874.4448   4396126.6542   4076196.3123
 -2185882.3252   4396128.9537   4076192.5975
 -2185892.0018   4396132.2128   4076189.3799
 -2185901.6205   4396135.5317   4076186.5544
 -2185910.1719   4396138.6025   4076182.6037
 -2185919.5253   4396141.6721   4076179.3438
 -2185927.9366   4396143.5121   4076175.5608
 -2185936.3348   4396146.0123   4076171.9373
 -2185945.6166   4396149.0752   4076169.0858
 -2185954.7958   4396151.7868   4076165.4350
 -2185963.6705   4396154.9062   4076161.8648
 -2185972.5837   4396157.5853   4076158.5542
 -2185981.9759   4396161.4860   4076156.2429
 -2185990.9771   4396163.8383   4076151.9438
 -2185999.7193   4396166.6670   4076148.4493
 -2186008.5468   4396169.8426   4076145.0492
 -2186017.4059   4396171.9683   4076141.3857
 -2186026.6367   4396174.9494   4076138.0683
 -2186036.0265   4396178.3841   4076134.9544
 -2186044.7481   4396181.0109   4076131.3944
 -2186053.2341   4396184.0606   4076128.2202
 -2186062.7284   4396187.1331   4076125.3297
 -2186072.3972   4396190.4521   4076122.4592
 -2186080.5282   4396192.7177   4076118.2399
 -2186089.3216   4396195.2595   4076115.1807
 -2186098.4863   4396198.5235   4076111.7238
 -2186107.0080   4396200.9295   4076107.8909
 -2186115.6776   4396203.5918   4076103.9836
 -2186124.8060   4396206.3092   4076100.1943
 -2186134.1458   4396209.5898   4076097.4121
 -2186142.8277   4396212.4453   4076094.0784
 -2186152.1787   4396215.6852   4076090.7633
 -2186160.7373   4396217.6034   4076086.4950
 -2186169.3317   4396220.4540   4076083.2121
 -2186178.7284   4396223.5322   4076079.9766
 -2186187.7470   4396227.1285   4076077.1034
 -2186196.9781   4396229.8942   4076074.0180
 -2186204.8415   4396231.7625   4076069.5440
 -2186214.6492   4396235.6443   4076067.3413
 -2186223.9143   4396238.2261   4076063.3227
 -2186232.5624   4396240.8601   4076059.6289
 -2186241.6872   4396243.5989   4076056.5513
 -2186250.3116   4396246.8876   4076053.2313
 -2186258.8344   4396249.4930   4076049.8029
 -2186268.8059   4396252.5454   4076046.3512
 -2186277.7604   4396255.7811   4076042.8374
 -2186286.0242   4396257.8381   4076039.1121
 -2186294.3684   4396259.9297   4076035.3848
 -2186303.7720   4396263.0847   4076031.8233
 -2186313.6431   4396267.0379   4076029.3032
 -2186322.9467   4396270.2873   4076026.1454
 -2186331.5226   4396273.1199   4076022.7498
 -2186339.8120   4396275.1690   4076019.1419
 -2186349.0033   4396278.5078   4076015.8610
 -2186358.3126   4396281.0799   4076012.6505
 -2186367.0026   4396283.8083   4076008.4358
 -2186375.6018   4396286.1015   4076004.6643
 -2186384.7612   4396289.5114   4076001.2843
 -2186393.7779   4396293.1954   4075998.5867
 -2186402.9282   4396295.4823   4075995.5009
 -2186411.6683   4396297.6088   4075991.1434
 -2186420.6411   4396300.7738   4075988.0971
 -2186429.4035   4396303.5755   4075984.3895
 -2186438.8481   4396307.3160   4075981.5565
 -2186447.8393   4396309.8596   4075977.7391
 -2186456.6848   4396312.9572   4075974.6005
 -2186465.1795   4396314.6607   4075970.7498
 -2186474.4351   4396318.2503   4075967.8624
 -2186483.2257   4396320.5887   4075963.7007
 -2186492.2212   4396323.4520   4075960.7297
 -2186500.7313   4396326.5557   4075957.2496
 -2186509.8656   4396329.1548   4075953.7162
 -2186518.6618   4396332.0046   4075950.5383
 -2186527.8989   4396334.8046   4075946.9761
 -2186536.8058   4396337.8263   4075943.3877
 -2186546.0215   4396340.4293   4075940.2352
 -2186554.6925   4396343.7307   4075936.7859
 -2186563.7647   4396346.6693   4075933.2704
 -2186572.6048   4396349.3564   4075929.5602
 -2186581.9504   4396352.4874   4075926.7426
 -2186591.5899   4396355.7435   4075923.5256
 -2186599.9824   4396358.8373   4075920.6912
 -2186608.8693   4396361.4443   4075916.6782
 -2186617.7304   4396364.0071   4075912.9863
 -2186626.9281   4396366.3886   4075909.3524
 -2186635.3001   4396368.9219   4075906.1879
 -2186644.4057   4396371.9983   4075902.1100
 -2186653.0686   4396375.8438   4075899.6957
 -2186662.0967   4396378.1756   4075895.8059
 -2186671.0589   4396380.9496   4075892.2472
 -2186680.4023   4396383.8358   4075888.6687
 -2186689.3003   4396386.7721   4075885.5318
 -2186698.1989   4396389.9091   4075882.6874
 -2186707.0080   4396392.8317   4075879.0498
 -2186715.7679   4396395.3377   4075875.4064
 -2186725.1166   4396398.2713   4075871.8504
 -2186734.1412   4396400.9533   4075868.0395
 -2186742.8336   4396403.6371   4075864.7640
 -2186751.9659   4396406.6675   4075861.6723
 -2186760.6008   4396409.4020   4075857.7142
 -2186769.8700   4396412.2252   4075855.0260
 -2186779.5286   4396415.5890   4075851.5923
 -2186788.2185   4396418.7463   4075848.4034
 -2186796.0863   4396421.0468   4075844.3313
 -2186804.9299   4396424.0072   4075840.8561
 -2186814.5261   4396426.8021   4075837.7616
 -2186823.3361   4396429.2800   4075834.0088
 -2186832.3861   4396431.9481   4075830.5890
 -2186841.7729   4396434.5881   4075826.7808
 -2186850.4591   4396437.6839   4075823.9442
 -2186859.7201   4396440.8760   4075820.8710
 -2186867.9501   4396443.6016   4075817.2653
 -2186876.7243   4396446.2435   4075812.9820
 -2186885.4641   4396448.6924   4075809.7741
 -2186895.0997   4396452.0682   4075806.9456
 -2186904.1247   4396454.9063   4075803.1921
 -2186912.6674   4396457.2729   4075799.3905
 -2186922.1092   4396460.8692   4075796.5022
 -2186930.8138   4396463.6825   4075793.3482
 -2186939.9497   4396466.1534   4075789.7667
 -2186948.9474   4396469.4335   4075786.5089
 -2186957.3129   4396471.8566   4075782.6213
 -2186966.8310   4396474.8850   4075779.6723
 -2186975.2290   4396477.6971   4075775.8788
 -2186984.4557   4396480.8601   4075772.5872
 -2186993.9091   4396483.6909   4075769.1425
 -2187002.6678   4396486.9591   4075765.9657
 -2187011.2122   4396489.1019   4075762.3367
 -2187020.4208   4396492.7413   4075759.6497
 -2187029.7600   4396495.6090   4075755.9812
 -2187038.4075   4396498.0582   4075752.4737
 -2187047.4713   4396500.9159   4075749.1396
 -2187056.2763   4396503.9661   4075745.7484
 -2187065.0502   4396506.5120   4075742.1606
 -2187073.9604   4396509.4562   4075738.7931
 -2187083.5081   4396512.2876   4075735.1250
 -2187092.2551   4396515.2327   4075731.9869
 -2187101.2955   4396518.1621   4075728.4908
 -2187109.8094   4396520.9227   4075724.9075
 -2187119.3773   4396523.5718   4075721.5377
 -2187128.1078   4396526.9528   4075718.6520
 -2187136.4429   4396529.1505   4075714.1513
 -2187145.7039   4396532.3799   4075710.8317
 -2187154.8791   4396535.0470   4075707.9304
 -2187163.4682   4396538.2508   4075704.8219
 -2187172.6881   4396541.1429   4075701.3185
 -2187181.5452   4396543.7205   4075697.5487
 -2187190.9334   4396546.8769   4075694.1446
 -2187199.3125   4396549.8763   4075690.9132
 -2187208.1535   4396551.8359   4075686.7367
 -2187217.5114   4396554.9533   4075683.2682
 -2187226.6934   4396557.8501   4075680.0662
 -2187236.5509   4396561.3222   4075677.6311
 -2187244.6883   4396563.4601   4075673.6087
 -2187253.0612   4396566.6383   4075670.5378
 -2187262.2253   4396569.2249   4075666.6103
 -2187271.3477   4396572.2877   4075663.7007
 -2187279.9923   4396574.8535   4075659.6576
 -2187289.6725   4396577.4883   4075656.1312
 -2187298.0316   4396580.7348   4075652.8423
 -2187307.6620   4396583.9910   4075649.4690
 -2187316.1302   4396586.5304   4075646.0482
 -2187325.1173   4396588.9203   4075642.4907
 -2187333.3500   4396591.7356   4075639.1831
 -2187341.7695   4396594.8665   4075635.3404
 -2187351.2366   4396598.0364   4075632.4622
 -2187361.0834   4396601.1925   4075629.1804
 -2187370.3837   4396603.9090   4075625.9861
 -2187378.4369   4396606.5938   4075622.2301
 -2187387.6293   4396609.3134   4075619.0264
 -2187396.5141   4396612.2389   4075615.4242
 -2187405.9450   4396615.3917   4075612.2111
 -2187414.4887   4396617.6929   4075608.3417
 -2187423.2807   4396620.5901   4075604.9757
 -2187432.5183   4396623.7367   4075602.1478
 -2187441.1724   4396626.3251   4075598.6081
 -2187450.0254   4396628.4945   4075594.5687
 -2187459.6905   4396632.7034   4075592.1380
 -2187468.3021   4396635.1735   4075588.6014
 -2187477.5940   4396638.0444   4075585.0509
 -2187486.1624   4396641.1606   4075581.4156
 -2187495.4607   4396643.5449   4075577.7963
 -2187504.1515   4396646.1546   4075574.6475
 -2187512.6961   4396648.7938   4075571.1349
 -2187521.8449   4396652.4156   4075567.2798
 -2187530.8899   4396655.4650   4075564.3414
 -2187539.3758   4396658.1334   4075561.2352
 -2187548.7002   4396661.0239   4075557.5455
 -2187557.7665   4396663.3574   4075553.9496
 -2187566.3640   4396666.8773   4075551.2254
 -2187575.5290   4396669.4425   4075547.0892
 -2187584.0402   4396672.0682   4075543.3188
 -2187593.1953   4396674.8592   4075539.7849
 -2187601.9984   4396677.9303   4075536.4132
 -2187611.2436   4396680.6221   4075533.6713
 -2187620.3798   4396683.7157   4075529.6156
 -2187629.3443   4396686.5486   4075526.8895
 -2187638.7884   4396689.3979   4075523.3994
 -2187647.3399   4396692.3452   4075520.0189
 -2187656.2009   4396694.8331   4075516.2379
 -2187664.6117   4396698.1117   4075512.7769
 -2187673.8599   4396700.8151   4075509.2880
 -2187682.7130   4396703.2825   4075505.6085
 -2187691.5203   4396706.1089   4075502.8176
 -2187701.1479   4396709.0579   4075499.3344
 -2187710.8432   4396711.6729   4075495.9732
 -2187718.6080   4396714.8985   4075492.8096
 -2187727.4524   4396717.9735   4075489.0585
 -2187736.8358   4396720.8202   4075485.2907
 -2187745.4389   4396723.4777   4075481.8636
 -2187754.9264   4396727.0733   4075479.1122
 -2187763.5729   4396729.2923   4075475.3706
 -2187773.0958   4396732.7142   4075472.4491
 -2187781.7936   4396735.5724   4075469.5558
 -2187790.4534   4396737.8051   4075464.7283
 -2187800.0958   4396740.9095   4075461.5584
 -2187808.2207   4396743.7393   4075458.2440
 -2187817.3291   4396746.3953   4075454.5554
