 -2180214.3469   4394324.0762   4078354.2295
 -2180266.8984   4394339.2953   4078333.2140
 -2180321.2827   4394356.5604   4078312.8120
 -2180374.9094   4394373.6385   4078291.9668
 -2180428.1888   4394391.0984   4078271.7766
 -2180482.1518   4394407.4607   4078250.4628
 -2180536.0036   4394424.4760   4078230.2489
 -2180590.6242   4394440.7859   4078208.7092
 -2180644.0471   4394459.2247   4078188.9728
 -2180697.7157   4394475.7165   4078167.8235
 -2180751.2571   4394493.4974   4078148.6260
 -2180804.8467   4394511.5460   4078128.4471
 -2180858.4678   4394527.7006   4078107.7450
 -2180912.7185   4394546.5167   4078089.1851
 -2180965.2549   4394564.8507   4078071.0160
 -2181018.6285   4394580.3380   4078048.7795
 -2181072.4869   4394598.0361   4078028.8639
 -2181126.5065   4394614.8924   4078008.2297
 -2181180.9247   4394632.8366   4077988.1180
 -2181235.4198   4394650.2665   4077966.7925
 -2181289.1449   4394667.6021   4077946.4106
 -2181343.1006   4394683.3762   4077924.0329
 -2181397.0593   4394701.1061   4077903.7809
 -2181451.0712   4394718.7630   4077882.2737
 -2181504.6288   4394735.4621   4077861.8654
 -2181558.1905   4394752.0167   4077841.5784
 -2181612.1874   4394768.3018   4077820.0050
 -2181665.9955   4394786.6721   4077799.8511
 -2181720.3960   4394803.9000   4077778.8985
 -2181773.3474   4394820.4551   4077759.0354
 -2181827.0780   4394837.7863   4077739.0577
 -2181880.9143   4394855.5080   4077718.8351
 -2181934.8095   4394871.5014   4077697.3498
 -2181988.7451   4394889.7283   4077678.2640
 -2182042.3027   4394906.7715   4077656.7877
 -2182096.4352   4394924.2801   4077637.1619
 -2182150.3322   4394940.7438   4077615.9121
 -2182203.4299   4394955.8839   4077593.5541
 -2182257.2339   4394973.8089   4077573.0613
 -2182310.3743   4394990.9864   4077552.9652
 -2182363.9353   4395008.5692   4077533.4550
 -2182418.0382   4395025.2501   4077513.1869
 -2182472.2703   4395042.9766   4077493.4327
 -2182525.9110   4395060.4765   4077473.3873
 -2182579.4517   4395076.8988   4077451.6734
 -2182632.5803   4395093.6124   4077431.2764
 -2182686.7182   4395110.5198   4077410.4527
 -2182741.1531   4395128.2778   4077389.9688
 -2182794.3895   4395146.4290   4077370.6780
 -2182848.0292   4395162.5697   4077349.0137
 -2182901.5143   4395177.3980   4077327.7126
 -2182955.2253   4395196.4462   4077308.2930
 -2183009.4688   4395214.2203   4077288.2385
 -2183063.2281   4395230.7956   4077267.4398
 -2183116.5952   4395248.1326   4077247.0181
 -2183170.3598   4395265.3691   4077226.6139
 -2183224.1200   4395283.0509   4077206.9606
 -2183277.9450   4395301.5404   4077187.8451
 -2183331.1455   4395319.4159   4077168.0469
 -2183384.5082   4395336.3812   4077147.5379
 -2183438.3072   4395351.9629   4077126.0068
 -2183492.1233   4395369.4461   4077106.0723
 -2183546.1850   4395386.7893   4077086.1129
 -2183599.9070   4395403.7959   4077065.5914
 -2183653.6696   4395421.7399   4077045.4039
 -2183707.3133   4395438.5426   4077024.9554
 -2183760.7169   4395455.3107   4077004.1057
 -2183814.8141   4395473.2515   4076983.9991
 -2183869.0805   4395491.0045   4076963.7423
 -2183922.5770   4395508.5533   4076943.5394
 -2183975.6091   4395525.1725   4076922.7582
 -2184029.4343   4395543.3209   4076903.3826
 -2184083.3895   4395559.0386   4076881.7751
 -2184137.0770   4395576.4228   4076861.1558
 -2184190.7778   4395593.2162   4076840.5319
 -2184244.8544   4395610.6136   4076820.4939
 -2184298.6651   4395628.4917   4076800.6639
 -2184352.2914   4395645.0837   4076779.8571
 -2184405.7248   4395661.7524   4076758.8188
 -2184459.7745   4395679.6518   4076739.1198
 -2184513.6035   4395696.9865   4076718.2141
 -2184567.7424   4395714.6619   4076697.8614
 -2184620.9708   4395731.2982   4076677.1849
 -2184674.3949   4395747.8998   4076656.0307
 -2184728.5383   4395765.1301   4076636.1276
 -2184781.8433   4395780.7075   4076614.4149
 -2184835.9065   4395798.2817   4076593.9626
 -2184889.5638   4395814.7310   4076573.3917
 -2184942.9368   4395833.6933   4076553.6803
 -2184997.0118   4395849.8880   4076532.4880
 -2185050.3391   4395866.2848   4076511.6894
 -2185104.3523   4395883.5795   4076491.1476
 -2185157.8143   4395899.9056   4076470.6936
 -2185211.6215   4395917.0717   4076450.3105
 -2185265.7744   4395935.7789   4076430.7937
 -2185319.3554   4395953.0473   4076410.0987
 -2185373.0041   4395969.0077   4076389.2726
 -2185426.7414   4395985.9566   4076368.7557
 -2185480.2208   4396002.5676   4076347.6279
 -2185534.4879   4396019.8837   4076327.1705
 -2185588.7192   4396036.4316   4076306.4001
 -2185641.8765   4396053.8479   4076286.0693
 -2185695.8066   4396072.4606   4076266.5822
 -2185748.6204   4396087.9191   4076244.9691
 -2185803.0240   4396105.4445   4076225.0896
 -2185856.3808   4396121.6311   4076203.9168
 -2185910.3003   4396138.9793   4076183.4393
 -2185963.9285   4396156.3960   4076163.1037
 -2186017.4549   4396172.7228   4076142.7400
 -2186071.5165   4396191.1089   4076122.6667
 -2186124.8815   4396208.4342   4076101.7254
 -2186178.9636   4396226.1141   4076081.8458
 -2186232.6954   4396243.3250   4076061.5810
 -2186287.2670   4396261.1716   4076041.7291
 -2186340.7828   4396277.4834   4076020.8409
 -2186394.1622   4396294.1296   4075999.6720
 -2186448.0558   4396310.6421   4075978.7216
 -2186501.2918   4396327.4831   4075957.9616
 -2186555.3513   4396344.7271   4075937.7479
 -2186608.8990   4396363.1148   4075918.0626
 -2186662.7130   4396379.9752   4075897.3492
 -2186716.0547   4396396.9157   4075876.9333
 -2186769.5302   4396413.0137   4075855.5861
 -2186822.9272   4396430.1868   4075835.4164
 -2186876.8616   4396446.8907   4075814.5182
 -2186930.7941   4396463.5581   4075793.6114
 -2186983.9448   4396480.8723   4075773.2654
 -2187038.0165   4396498.6793   4075753.0445
 -2187091.2312   4396515.5087   4075732.5176
 -2187145.2921   4396532.5660   4075712.1871
 -2187199.2064   4396549.8055   4075691.6889
 -2187253.2078   4396566.0604   4075670.8955
 -2187306.4147   4396584.7460   4075651.3938
 -2187360.8808   4396601.8205   4075630.4728
 -2187414.2176   4396618.0592   4075609.5731
 -2187467.8616   4396635.2828   4075589.2268
 -2187521.9874   4396652.5102   4075568.9136
 -2187575.7912   4396669.8307   4075548.5075
 -2187629.2721   4396685.8555   4075526.9448
 -2187682.9589   4396702.8397   4075506.5464
 -2187736.6833   4396720.5875   4075486.3514
 -2187790.5855   4396737.7213   4075466.1503
 -2187843.9634   4396754.6800   4075445.0604
 -2187897.7652   4396772.1968   4075424.7262
 -2187951.3173   4396790.0296   4075404.8448
 -2188004.8389   4396807.0344   4075384.2531
 -2188058.7722   4396824.3741   4075363.7023
 -2188112.4629   4396840.5879   4075342.9356
 -2188166.4387   4396859.0832   4075323.3073
 -2188220.1128   4396876.6357   4075302.8547
 -2188273.9552   4396892.8639   4075281.6779
 -2188327.6266   4396909.1997   4075260.5191
 -2188381.2715   4396928.0193   4075240.9337
 -2188434.8134   4396945.1435   4075220.3642
 -2188489.4239   4396963.3976   4075200.8117
 -2188542.7290   4396979.4497   4075179.6598
 -2188596.1907   4396995.9809   4075158.7616
 -2188649.8221   4397012.1083   4075137.3988
 -2188703.7129   4397029.0996   4075116.8418
 -2188757.6340   4397047.6840   4075097.5040
 -2188811.2462   4397064.8965   4075076.4859
 -2188864.3909   4397081.5736   4075055.8159
 -2188918.3132   4397099.1317   4075035.6793
 -2188971.7753   4397115.2637   4075014.4611
 -2189025.7234   4397132.8052   4074993.7512
 -2189079.1477   4397149.2903   4074973.4608
 -2189133.2215   4397166.8211   4074952.9743
 -2189187.4525   4397184.7829   4074933.0384
 -2189240.5726   4397200.7769   4074911.9314
 -2189294.1250   4397216.9044   4074891.0632
 -2189348.4171   4397235.6006   4074871.2974
 -2189402.3856   4397253.1479   4074850.9196
 -2189455.9149   4397269.8107   4074829.8737
 -2189508.9497   4397286.2461   4074809.1282
 -2189563.1322   4397303.7690   4074788.5391
 -2189616.9582   4397321.1142   4074768.7581
 -2189669.9009   4397337.3956   4074747.5814
 -2189724.1811   4397355.3149   4074727.6293
 -2189778.0916   4397373.1511   4074706.9568
 -2189831.0099   4397389.5204   4074686.3253
 -2189885.1222   4397407.2205   4074665.7128
 -2189938.9582   4397423.9928   4074644.9172
 -2189992.6438   4397440.9820   4074624.4830
 -2190045.7077   4397457.5085   4074603.7079
 -2190099.4571   4397474.6458   4074582.6722
 -2190153.5321   4397492.2427   4074562.6992
 -2190207.9040   4397510.2270   4074542.7191
 -2190260.9813   4397526.8914   4074521.9864
 -2190314.4033   4397544.9126   4074501.7552
 -2190368.0120   4397561.4749   4074480.8787
 -2190422.0282   4397578.3917   4074460.1582
 -2190475.5084   4397595.7671   4074439.9340
 -2190529.3044   4397612.3493   4074419.0773
 -2190582.6712   4397629.8655   4074398.6204
 -2190636.4289   4397646.8220   4074377.8892
 -2190691.1262   4397665.6582   4074358.4846
 -2190744.4883   4397682.6820   4074337.9084
 -2190797.5984   4397699.5366   4074317.5838
 -2190851.6206   4397715.4529   4074295.7842
 -2190905.2574   4397732.7377   4074274.9908
 -2190958.5713   4397749.3419   4074253.9264
 -2191012.6889   4397766.5746   4074233.9482
 -2191066.7210   4397785.2659   4074214.3843
 -2191120.8749   4397802.3946   4074194.0810
 -2191174.4648   4397818.0566   4074172.3372
 -2191227.9253   4397834.5249   4074151.4449
 -2191281.7583   4397851.5561   4074131.1229
 -2191335.4467   4397867.3944   4074109.9784
 -2191388.8395   4397885.3398   4074089.6502
 -2191442.3947   4397903.0893   4074069.4124
 -2191496.6049   4397920.8245   4074049.2875
 -2191550.4216   4397937.2589   4074028.4855
 -2191604.4408   4397955.5340   4074008.6042
 -2191657.7895   4397971.5384   4073987.2813
 -2191711.3581   4397988.5430   4073966.6342
 -2191765.2330   4398006.1166   4073946.2943
 -2191819.7050   4398024.9732   4073926.8599
 -2191872.9010   4398041.1305   4073906.0384
 -2191926.4059   4398057.1389   4073884.6556
 -2191980.7236   4398076.0115   4073865.2837
 -2192034.2956   4398093.6400   4073844.9175
 -2192088.1735   4398110.4654   4073824.4176
 -2192141.4544   4398127.5549   4073803.3362
 -2192194.6188   4398144.4034   4073782.6755
 -2192248.8011   4398160.6590   4073761.6762
 -2192302.4493   4398177.6163   4073740.7730
 -2192355.6217   4398194.2222   4073719.9555
 -2192409.7478   4398211.7796   4073699.7574
 -2192463.6056   4398230.2519   4073680.1900
 -2192517.1954   4398246.7034   4073658.9573
 -2192570.7919   4398265.0622   4073639.2547
 -2192624.0934   4398281.5334   4073617.8674
 -2192677.6617   4398297.9101   4073597.0316
 -2192731.1224   4398313.6731   4073576.0024
 -2192785.4913   4398333.4381   4073556.8795
 -2192840.0749   4398350.8706   4073536.7653
 -2192893.4852   4398368.2094   4073516.1223
 -2192946.3385   4398384.4898   4073494.9427
 -2193000.6788   4398402.3011   4073474.4694
 -2193054.6630   4398419.1127   4073453.7672
 -2193107.6562   4398435.7038   4073433.2588
 -2193161.1850   4398452.0103   4073412.2662
 -2193214.6012   4398468.7830   4073391.2459
 -2193269.0082   4398486.6314   4073371.2361
 -2193322.5291   4398504.0527   4073350.3414
 -2193376.5472   4398520.8870   4073330.2216
 -2193429.6575   4398537.9759   4073309.6262
 -2193483.6321   4398555.3421   4073288.9168
 -2193537.6752   4398572.6196   4073268.5193
 -2193591.0530   4398589.6568   4073247.4930
 -2193644.6281   4398606.2829   4073226.6943
 -2193697.9031   4398622.9767   4073206.2555
 -2193752.4110   4398642.5316   4073187.1703
 -2193805.9467   4398658.4664   4073165.9886
 -2193859.1233   4398674.5780   4073144.7295
 -2193913.3216   4398691.3295   4073123.7048
 -2193967.0174   4398709.9049   4073104.1065
 -2194020.4334   4398726.4816   4073083.3705
 -2194073.8812   4398743.7911   4073062.7856
 -2194128.1473   4398761.6256   4073042.3958
 -2194181.5069   4398778.3183   4073021.5453
 -2194235.2518   4398795.8234   4073000.9714
 -2194289.0196   4398813.3119   4072980.7790
 -2194342.5674   4398829.8832   4072960.1186
 -2194396.7691   4398848.0384   4072940.0099
 -2194450.3116   4398865.4800   4072919.7402
 -2194503.6200   4398880.6350   4072896.9517
 -2194556.4325   4398896.8341   4072876.4171
 -2194610.7291   4398915.1160   4072856.9181
 -2194664.9261   4398934.0953   4072837.5388
 -2194718.2239   4398950.1686   4072816.2061
 -2194771.7666   4398967.2461   4072795.6019
 -2194826.0313   4398984.0127   4072774.7583
 -2194879.1960   4399001.1646   4072754.0079
 -2194933.6645   4399020.1178   4072734.6346
 -2194987.4133   4399037.5107   4072714.0517
 -2195040.4093   4399052.7896   4072692.4768
 -2195093.5498   4399068.0015   4072670.8413
 -2195147.6583   4399085.9701   4072650.5378
 -2195201.4000   4399103.8953   4072630.5247
 -2195255.3648   4399121.7391   4072610.5963
 -2195309.4334   4399139.4446   4072590.3737
 -2195362.8877   4399155.8735   4072569.3290
 -2195416.6858   4399173.0618   4072548.8479
 -2195469.8219   4399190.0384   4072528.2054
 -2195524.0630   4399207.8963   4072508.0069
 -2195577.2539   4399224.8959   4072486.7017
 -2195630.7624   4399241.5005   4072465.9616
 -2195684.6035   4399260.1267   4072446.3043
 -2195738.4604   4399276.2950   4072424.9833
 -2195792.1325   4399293.5376   4072404.7605
 -2195845.9288   4399311.1496   4072384.1637
 -2195899.4766   4399328.7606   4072364.3833
 -2195953.1017   4399344.8274   4072343.2755
 -2196006.6952   4399362.2322   4072322.2964
 -2196060.4761   4399379.2078   4072301.9922
 -2196113.3925   4399395.0621   4072280.2536
 -2196167.5079   4399413.8041   4072261.0359
 -2196221.9059   4399432.4007   4072241.2121
 -2196275.0934   4399447.5456   4072219.0611
 -2196327.9271   4399462.2925   4072196.7282
 -2196381.7743   4399480.4798   4072176.8273
 -2196435.2945   4399497.8411   4072156.5528
 -2196489.1120   4399516.3057   4072136.4989
 -2196543.1394   4399534.1642   4072116.6135
 -2196597.3610   4399551.6935   4072096.3876
 -2196650.9331   4399568.0957   4072075.1170
 -2196704.3482   4399584.7356   4072054.3476
 -2196757.7355   4399601.4816   4072033.4139
 -2196811.3494   4399618.8893   4072012.9603
 -2196866.0805   4399637.8376   4071993.7386
 -2196919.1950   4399653.3021   4071972.0375
 -2196972.4848   4399669.4075   4071950.7592
 -2197026.3152   4399687.1003   4071930.7080
 -2197080.3847   4399704.7674   4071910.5160
 -2197134.4261   4399722.7215   4071890.4304
 -2197188.4351   4399740.5865   4071870.6331
 -2197241.7242   4399756.2574   4071849.1663
 -2197295.6183   4399774.2575   4071828.7053
 -2197348.6045   4399789.4570   4071806.3079
 -2197402.2427   4399806.6810   4071785.9937
 -2197455.3934   4399823.4984   4071765.4152
 -2197509.1970   4399840.3641   4071744.9158
 -2197562.8681   4399857.8634   4071724.0978
 -2197616.7042   4399876.0313   4071704.3069
 -2197670.8938   4399893.7999   4071683.7060
 -2197723.8896   4399909.2553   4071662.1705
 -2197777.2456   4399926.6457   4071641.6045
 -2197831.6605   4399943.3846   4071621.0824
 -2197885.4450   4399962.5783   4071601.5100
 -2197938.6462   4399978.5475   4071580.0063
 -2197993.0458   4399996.9720   4071560.1327
 -2198046.4134   4400013.9839   4071539.6267
 -2198099.7212   4400030.7788   4071518.7933
 -2198153.8533   4400049.0345   4071499.0143
 -2198206.9435   4400063.9171   4071477.0367
 -2198260.1454   4400081.0676   4071456.5161
 -2198314.0896   4400098.2396   4071435.8649
 -2198368.1069   4400116.6190   4071415.9752
 -2198421.7262   4400133.7454   4071395.3382
 -2198475.2636   4400150.6443   4071374.5343
 -2198528.9247   4400167.7349   4071353.9618
 -2198582.6154   4400185.1539   4071333.6971
 -2198636.4351   4400202.2104   4071312.8423
 -2198689.4469   4400218.0788   4071291.3267
 -2198743.6028   4400235.9827   4071271.0109
 -2198797.4941   4400254.1559   4071251.2096
 -2198851.2562   4400270.8588   4071230.0993
 -2198904.0252   4400287.5860   4071209.1284
 -2198957.4988   4400303.6689   4071187.4244
 -2199012.3015   4400323.2327   4071169.1824
 -2199066.5409   4400340.8444   4071148.5400
 -2199119.6655   4400357.3238   4071127.7995
 -2199172.7358   4400373.3204   4071106.1361
 -2199226.3558   4400389.9981   4071085.3374
 -2199280.2224   4400407.6377   4071065.1627
 -2199334.6785   4400427.0250   4071045.8061
 -2199388.7458   4400445.4170   4071025.6791
 -2199442.0667   4400460.8202   4071004.4947
 -2199494.8704   4400475.6885   4070982.4134
 -2199549.7141   4400494.3893   4070962.6411
 -2199602.8285   4400512.0674   4070941.9131
 -2199656.1000   4400528.6551   4070921.1444
 -2199710.1313   4400546.7833   4070901.3219
 -2199763.6409   4400562.6139   4070879.9790
 -2199817.5227   4400581.0377   4070859.7458
 -2199870.6203   4400595.7637   4070838.2525
 -2199924.1121   4400613.1827   4070817.4882
 -2199977.6464   4400630.4125   4070796.6782
 -2200030.9259   4400647.0290   4070775.8111
 -2200085.1253   4400664.5771   4070755.6872
 -2200138.8852   4400681.7320   4070734.7976
 -2200193.2616   4400700.8119   4070715.9065
 -2200246.2008   4400716.4639   4070694.0911
 -2200300.3222   4400734.5425   4070673.7010
 -2200353.5345   4400750.8551   4070652.4093
 -2200407.9579   4400769.2077   4070632.7082
 -2200461.3750   4400785.9962   4070611.8371
 -2200515.1134   4400803.1470   4070591.7609
 -2200568.8788   4400821.3497   4070571.2594
 -2200621.8953   4400836.5734   4070549.3665
 -2200675.7193   4400854.3371   4070529.3438
 -2200729.9354   4400871.7100   4070508.6800
 -2200783.1812   4400889.0081   4070488.4557
 -2200836.4286   4400906.1342   4070467.6554
 -2200890.6862   4400923.6203   4070447.0461
 -2200943.5610   4400938.7925   4070424.9513
 -2200998.3007   4400958.6308   4070406.2068
 -2201051.4910   4400974.4250   4070384.6019
 -2201104.9905   4400991.7286   4070364.0367
 -2201158.5895   4401009.0780   4070343.7210
 -2201212.3157   4401026.2485   4070323.1411
 -2201266.3887   4401044.5085   4070303.0651
 -2201320.2770   4401061.5672   4070282.3116
 -2201374.1413   4401078.8216   4070261.9852
 -2201427.2163   4401095.9288   4070241.2278
 -2201480.1628   4401111.8411   4070219.4057
 -2201534.1276   4401128.9913   4070199.3009
 -2201588.4630   4401146.9138   4070179.0099
 -2201643.0754   4401166.4085   4070160.0783
 -2201696.2287   4401181.9437   4070138.3318
 -2201749.5937   4401199.2413   4070117.8762
 -2201802.5868   4401214.8924   4070096.4734
 -2201856.1233   4401231.5747   4070074.7367
 -2201910.3064   4401250.4074   4070055.4818
 -2201963.8051   4401267.8800   4070035.0629
 -2202017.2868   4401284.4673   4070013.9274
 -2202071.1450   4401301.8123   4069993.2232
 -2202125.0003   4401319.0999   4069972.7085
 -2202179.1220   4401336.6217   4069952.5059
 -2202231.3459   4401351.5199   4069930.4442
 -2202285.4557   4401370.3801   4069910.3728
 -2202339.1878   4401387.1744   4069889.9859
 -2202392.1825   4401403.5498   4069868.3523
 -2202446.0324   4401422.0386   4069848.7273
 -2202499.0546   4401437.7556   4069827.1165
 -2202553.9723   4401456.2232   4069807.1274
 -2202607.7097   4401473.4723   4069786.6063
 -2202660.3015   4401488.3362   4069764.4523
 -2202714.3530   4401506.5734   4069744.7907
 -2202768.4137   4401525.1022   4069725.0297
 -2202822.7954   4401543.7516   4069705.3043
 -2202876.9124   4401560.5700   4069684.4015
 -2202930.0982   4401577.1544   4069663.9442
 -2202983.6826   4401594.2550   4069642.6331
 -2203036.3327   4401609.8224   4069620.8657
 -2203089.4888   4401625.8588   4069599.9794
 -2203144.6971   4401645.1588   4069580.0794
 -2203198.2185   4401662.6622   4069559.8443
 -2203252.1654   4401680.0056   4069539.8126
 -2203305.2154   4401696.7119   4069518.7368
 -2203359.1226   4401714.4313   4069498.3502
 -2203412.7626   4401731.4946   4069477.4467
 -2203465.5089   4401746.6279   4069455.3550
 -2203519.4729   4401765.3845   4069436.0154
 -2203572.9390   4401781.7798   4069414.8478
 -2203627.3266   4401800.2148   4069394.9209
 -2203680.7440   4401816.8151   4069373.9765
 -2203734.6549   4401834.4509   4069353.5630
 -2203787.9995   4401851.7692   4069332.5710
 -2203841.9567   4401868.9687   4069312.5222
 -2203895.4237   4401884.6628   4069291.0221
 -2203948.9126   4401902.2587   4069270.2702
 -2204002.2982   4401919.1840   4069249.2687
 -2204055.6203   4401936.2322   4069228.6950
 -2204109.1070   4401953.7872   4069208.5095
 -2204163.6527   4401971.8382   4069188.2488
 -2204217.2280   4401988.7179   4069167.3626
 -2204270.9226   4402006.1484   4069146.9324
 -2204324.5769   4402023.6813   4069126.6734
 -2204378.2640   4402041.2727   4069105.9030
 -2204431.5163   4402057.7152   4069084.8348
 -2204485.7067   4402074.9540   4069064.3499
 -2204538.7953   4402091.6847   4069043.4247
 -2204592.5926   4402109.4876   4069023.2328
 -2204645.8937   4402126.0000   4069001.8895
 -2204699.3526   4402142.8343   4068981.1451
 -2204753.1928   4402159.9639   4068960.1955
 -2204806.6584   4402176.5850   4068939.3146
 -2204860.6596   4402194.3045   4068919.0754
 -2204913.8438   4402211.6671   4068898.6244
 -2204968.0910   4402229.4566   4068878.2076
 -2205022.9073   4402247.9015   4068858.6782
 -2205075.9241   4402264.3090   4068837.3301
 -2205129.3066   4402280.9153   4068816.2201
 -2205182.6054   4402297.7338   4068795.5452
 -2205236.6193   4402315.7571   4068775.0849
 -2205290.0989   4402331.9211   4068753.6830
 -2205343.4095   4402348.3084   4068732.2058
 -2205396.5675   4402365.6397   4068712.1242
 -2205450.7174   4402384.1025   4068692.5984
 -2205504.2045   4402401.0847   4068671.0835
 -2205557.9843   4402418.1611   4068650.2994
 -2205611.5978   4402435.3578   4068630.1198
 -2205665.6734   4402452.6355   4068609.3427
 -2205719.0608   4402470.0990   4068589.2991
 -2205772.8179   4402487.8839   4068568.6006
 -2205826.9052   4402505.0380   4068547.9070
 -2205879.6205   4402520.8265   4068526.5851
 -2205932.9332   4402538.0712   4068506.2144
 -2205987.7641   4402556.9525   4068486.4672
 -2206040.5371   4402573.1214   4068464.4415
 -2206094.6181   4402589.7101   4068443.7511
 -2206147.9359   4402607.3868   4068423.5341
 -2206202.4225   4402625.3696   4068403.5407
 -2206256.0589   4402642.4199   4068382.9817
 -2206309.6708   4402659.1281   4068361.9536
 -2206362.9349   4402676.3841   4068341.6391
 -2206416.9083   4402693.7658   4068320.8022
 -2206469.6885   4402710.6876   4068299.4962
 -2206523.3804   4402728.3745   4068278.8164
 -2206577.7775   4402745.7625   4068258.7830
 -2206631.1252   4402762.2906   4068237.6233
 -2206684.3495   4402779.2347   4068216.1951
 -2206738.5561   4402797.1509   4068196.3501
 -2206791.7391   4402814.1037   4068175.5433
 -2206846.2026   4402832.0572   4068155.5803
 -2206899.6130   4402848.6819   4068135.3783
 -2206953.2141   4402865.9510   4068114.1850
 -2207006.7375   4402883.1466   4068093.3149
 -2207059.8054   4402899.0377   4068071.5697
 -2207113.9273   4402917.0550   4068051.4359
 -2207166.8016   4402933.6573   4068030.7149
 -2207220.6002   4402950.8880   4068010.2697
 -2207274.8346   4402969.4324   4067990.1591
 -2207328.7410   4402985.9241   4067968.9672
 -2207382.0162   4403002.6158   4067947.9290
 -2207435.2625   4403019.2357   4067926.5833
 -2207489.4930   4403037.3115   4067906.8749
 -2207543.3300   4403054.9936   4067886.3844
 -2207597.6091   4403072.3482   4067865.5377
 -2207650.7839   4403089.5809   4067845.3493
 -2207704.2358   4403106.4198   4067823.9225
 -2207758.0152   4403123.5527   4067803.4482
 -2207812.4130   4403142.1473   4067784.0595
 -2207865.6383   4403158.4973   4067763.1477
 -2207917.9153   4403173.9080   4067740.7975
 -2207972.7830   4403192.2019   4067721.3344
 -2208026.2173   4403209.5957   4067700.2535
 -2208079.5772   4403226.6215   4067679.4673
 -2208133.6282   4403244.8450   4067659.6794
 -2208186.8561   4403261.5001   4067638.1361
 -2208240.4081   4403278.4739   4067617.8373
 -2208294.2631   4403295.4944   4067596.9494
 -2208347.2004   4403311.9593   4067575.2960
 -2208401.2397   4403329.5133   4067554.9934
 -2208455.0015   4403347.0174   4067534.8514
 -2208508.8901   4403364.3536   4067514.1646
 -2208563.0873   4403381.8568   4067494.0811
 -2208616.0187   4403398.8951   4067472.8867
 -2208668.8434   4403415.6630   4067451.4369
 -2208722.4861   4403431.8554   4067430.4038
 -2208776.5909   4403449.8637   4067410.2132
 -2208830.4324   4403467.1267   4067389.5218
 -2208884.6389   4403484.7718   4067369.2473
 -2208938.3479   4403501.6755   4067349.0217
 -2208991.9463   4403519.2527   4067328.6143
 -2209045.1654   4403535.7669   4067307.0583
 -2209098.1307   4403552.7042   4067285.7609
 -2209152.1901   4403570.0046   4067265.4352
 -2209205.2704   4403586.5056   4067244.0705
 -2209260.0933   4403605.8882   4067224.6655
 -2209313.4748   4403622.1499   4067203.9256
 -2209367.3755   4403639.7752   4067183.4121
 -2209420.6598   4403656.2802   4067161.7850
 -2209473.3576   4403673.0523   4067140.5683
 -2209527.5848   4403690.9279   4067121.0476
 -2209580.9211   4403707.5300   4067100.2132
 -2209635.0071   4403724.9019   4067078.9226
 -2209688.3899   4403742.0738   4067057.7130
 -2209741.9965   4403759.6351   4067038.1978
 -2209796.2082   4403776.8439   4067017.9022
 -2209849.8232   4403794.5340   4066997.3296
 -2209902.5303   4403810.9751   4066975.5843
 -2209956.0027   4403828.2053   4066955.0812
 -2210010.0299   4403845.5325   4066934.4427
 -2210064.2436   4403863.1528   4066913.8183
 -2210117.7500   4403880.3281   4066893.3835
 -2210170.9769   4403896.8784   4066872.3801
 -2210224.2186   4403913.4425   4066851.1906
 -2210277.6964   4403930.3492   4066830.2603
 -2210331.9814   4403948.7988   4066810.1703
 -2210385.9764   4403966.7212   4066790.4455
 -2210438.9539   4403982.8944   4066769.0078
 -2210492.4350   4403999.9700   4066747.9023
 -2210547.3060   4404018.0859   4066727.9744
 -2210600.5124   4404035.1899   4066707.0604
 -2210653.4174   4404051.3384   4066685.6432
 -2210707.3851   4404069.2870   4066665.0653
 -2210760.8855   4404086.6256   4066644.5682
 -2210814.4039   4404103.5441   4066623.7249
 -2210868.5213   4404120.9644   4066603.0695
 -2210921.4972   4404137.3445   4066581.6780
 -2210975.4153   4404154.7686   4066561.2557
 -2211029.1164   4404172.2721   4066541.0322
 -2211082.9954   4404190.2817   4066521.2995
 -2211136.4820   4404207.3903   4066500.0445
 -2211190.1644   4404223.8219   4066478.6968
 -2211243.3153   4404239.8451   4066457.3486
 -2211296.9601   4404258.0104   4066437.1172
 -2211350.4950   4404275.0005   4066416.5067
 -2211404.0866   4404292.7498   4066395.9735
 -2211457.9518   4404309.7682   4066375.6071
 -2211511.8877   4404327.5659   4066354.4849
 -2211565.4406   4404344.7476   4066333.2450
 -2211618.8711   4404362.1642   4066313.9585
 -2211672.1477   4404378.8796   4066292.8230
 -2211726.4117   4404396.1850   4066271.9914
 -2211779.9294   4404412.9992   4066251.1028
 -2211832.9941   4404429.9137   4066230.1035
 -2211886.8564   4404447.4595   4066209.6300
 -2211940.5159   4404464.5449   4066189.3575
 -2211994.2344   4404482.5660   4066168.4596
 -2212048.9718   4404499.9094   4066147.9272
 -2212102.3223   4404517.4887   4066128.1070
 -2212155.3249   4404533.7411   4066106.2811
 -2212209.3560   4404551.1651   4066085.5067
 -2212263.1389   4404568.2012   4066064.9716
 -2212316.2397   4404585.2724   4066043.9942
 -2212369.4705   4404602.8329   4066023.4041
 -2212423.6989   4404620.6755   4066003.3181
 -2212477.1920   4404636.9986   4065982.0391
 -2212530.9220   4404654.4017   4065961.6637
 -2212584.4788   4404671.0604   4065940.0885
 -2212637.6266   4404688.4276   4065919.3998
 -2212691.0913   4404705.6773   4065898.9477
 -2212744.7352   4404723.2970   4065878.5708
 -2212797.5972   4404739.4810   4065857.2016
 -2212851.8059   4404757.5365   4065836.8346
 -2212905.6179   4404774.3727   4065816.2011
 -2212959.1779   4404791.8301   4065795.6432
 -2213013.7475   4404809.3871   4065775.0287
 -2213067.9135   4404827.1468   4065755.1316
 -2213122.4558   4404845.3320   4065736.5156
 -2213174.6360   4404861.0947   4065713.9501
 -2213227.8256   4404877.8758   4065692.0799
 -2213281.5065   4404894.9601   4065671.3672
 -2213335.0026   4404912.6772   4065650.8018
 -2213388.4229   4404929.3905   4065629.7648
 -2213442.4280   4404946.9844   4065609.2935
 -2213495.5344   4404964.2452   4065588.3393
 -2213549.2410   4404981.2620   4065568.0128
 -2213602.6285   4404998.0019   4065546.6972
 -2213656.9772   4405016.0178   4065526.4779
 -2213710.2015   4405032.8832   4065505.5345
 -2213763.2831   4405049.7935   4065484.5798
 -2213817.5826   4405067.2750   4065463.8729
 -2213870.6296   4405084.0243   4065442.3896
 -2213923.8023   4405100.6634   4065422.0220
 -2213978.4102   4405118.2320   4065401.6027
 -2214032.0914   4405135.8871   4065380.9491
 -2214084.7675   4405152.3403   4065359.4509
 -2214138.4182   4405169.5898   4065338.6764
 -2214193.3736   4405188.0166   4065319.4218
 -2214246.4755   4405204.7631   4065298.4546
 -2214300.0260   4405222.2827   4065277.1105
 -2214352.8248   4405238.9505   4065255.9261
 -2214406.7116   4405256.2839   4065235.5116
 -2214460.7758   4405273.5213   4065214.9698
 -2214514.5673   4405290.8378   4065194.2675
 -2214568.4100   4405307.9812   4065173.3953
 -2214622.2506   4405325.6430   4065152.7830
 -2214675.5579   4405342.6731   4065132.6382
 -2214728.8545   4405359.4967   4065111.2281
 -2214782.7156   4405377.1795   4065090.7600
 -2214835.7643   4405393.8397   4065069.2416
 -2214889.4963   4405411.3109   4065049.0287
 -2214943.1652   4405428.8164   4065028.6239
 -2214996.9719   4405446.3089   4065007.9985
 -2215050.5463   4405463.0758   4064987.0532
 -2215103.9733   4405479.8948   4064965.9367
 -2215157.8825   4405496.9309   4064944.8940
 -2215211.5874   4405514.8923   4064924.9224
 -2215265.2808   4405531.8338   4064904.0059
 -2215318.9676   4405549.1696   4064883.4140
 -2215372.0881   4405566.2950   4064862.5418
 -2215425.3968   4405583.5749   4064841.6022
 -2215479.5507   4405601.0941   4064821.0399
 -2215533.0553   4405618.0653   4064800.2168
 -2215586.9376   4405634.9147   4064779.7415
 -2215641.1700   4405652.7136   4064759.2736
 -2215693.8447   4405669.3516   4064737.6293
 -2215747.9288   4405687.1488   4064717.7884
 -2215801.4796   4405704.3560   4064697.0100
 -2215854.2461   4405720.9910   4064675.7850
 -2215908.1597   4405738.7138   4064655.0817
 -2215962.0272   4405755.5294   4064634.4172
 -2216015.2402   4405772.5443   4064613.1044
 -2216069.1564   4405790.2431   4064593.0799
 -2216122.8452   4405807.2380   4064571.7268
 -2216176.0894   4405824.1969   4064551.6051
 -2216230.0533   4405841.9438   4064530.5113
 -2216283.1905   4405858.6660   4064509.7485
 -2216336.3950   4405876.2545   4064488.8513
 -2216390.5420   4405893.3594   4064467.9866
 -2216443.9272   4405910.3845   4064447.4483
 -2216497.2912   4405927.2050   4064426.1791
 -2216551.1374   4405944.7076   4064406.1598
 -2216605.2362   4405962.3591   4064385.3445
 -2216659.0912   4405979.9236   4064364.5981
 -2216712.4468   4405997.2452   4064344.2160
 -2216765.2510   4406013.8794   4064323.1563
 -2216819.0024   4406030.6229   4064302.1354
 -2216872.7640   4406047.8093   4064280.7573
 -2216926.7884   4406066.0124   4064260.9867
 -2216980.5224   4406083.2786   4064240.5055
 -2217033.9060   4406100.1117   4064219.4304
 -2217086.8408   4406116.7683   4064197.8664
 -2217140.9529   4406134.4558   4064177.6335
 -2217194.3304   4406151.6376   4064156.5198
 -2217247.9844   4406168.9248   4064135.9944
 -2217302.1141   4406186.1468   4064115.6867
 -2217355.9502   4406203.4764   4064094.7168
 -2217408.9408   4406220.1875   4064073.4117
 -2217462.5946   4406236.9037   4064052.3482
 -2217516.1632   4406254.5465   4064032.1151
 -2217569.5939   4406271.5109   4064011.2518
 -2217623.7652   4406289.1300   4063991.0246
 -2217676.9313   4406305.7358   4063969.6164
 -2217730.1788   4406323.3383   4063948.7206
 -2217784.0384   4406340.8250   4063928.6772
 -2217838.4421   4406358.8793   4063908.3763
 -2217892.0428   4406375.1964   4063887.1312
 -2217945.0446   4406392.2777   4063865.6738
 -2217998.3247   4406409.7235   4063845.2485
 -2218052.5322   4406427.0734   4063824.8453
 -2218106.2337   4406444.3935   4063803.7849
 -2218159.6501   4406461.5281   4063783.2090
 -2218213.5117   4406479.1783   4063762.3466
 -2218266.7734   4406496.1750   4063741.7972
 -2218320.1920   4406513.0190   4063721.0371
 -2218374.0657   4406530.3112   4063700.4708
 -2218427.6771   4406548.0469   4063679.9412
 -2218480.9193   4406564.7351   4063658.4100
 -2218534.5416   4406582.0057   4063637.2855
 -2218588.1529   4406598.6453   4063616.8017
 -2218641.4664   4406616.5346   4063596.2623
 -2218695.3192   4406633.9533   4063575.6870
 -2218749.5602   4406651.3930   4063555.0018
 -2218802.5876   4406668.2866   4063534.1338
 -2218856.4023   4406685.4455   4063513.0819
 -2218909.8943   4406702.5278   4063492.2897
 -2218963.3943   4406719.8433   4063471.7706
 -2219016.9631   4406737.0030   4063450.8819
 -2219070.6957   4406754.2432   4063430.2298
 -2219124.0153   4406771.3031   4063409.2575
 -2219177.7919   4406788.6382   4063388.8989
 -2219231.4461   4406806.1036   4063368.6060
 -2219285.4845   4406823.3563   4063347.3553
 -2219338.5778   4406840.2464   4063326.1067
 -2219392.6493   4406857.7904   4063305.5639
 -2219446.5525   4406874.9961   4063285.0408
 -2219498.8771   4406891.8204   4063263.8739
 -2219552.6499   4406908.9232   4063242.1569
 -2219606.9512   4406926.2375   4063221.7549
 -2219660.1652   4406943.4353   4063201.1821
 -2219713.4800   4406960.6406   4063180.7888
 -2219767.3850   4406977.9424   4063159.6616
 -2219821.5360   4406995.6539   4063139.6005
 -2219874.9815   4407012.8084   4063118.3886
 -2219928.2780   4407029.5463   4063097.4663
 -2219981.9747   4407047.2037   4063077.3622
 -2220036.1333   4407064.5226   4063056.1939
 -2220088.6200   4407081.3813   4063034.8767
 -2220141.7920   4407098.1838   4063014.0142
 -2220195.9607   4407116.0632   4062993.8887
 -2220249.9316   4407133.8151   4062973.4099
 -2220303.8058   4407151.0176   4062952.4990
 -2220356.9822   4407167.5168   4062930.9439
 -2220410.1959   4407184.8034   4062910.4770
 -2220464.3804   4407202.1370   4062889.8956
 -2220518.3720   4407219.6287   4062869.0643
 -2220570.6836   4407236.4239   4062848.2683
 -2220624.9314   4407254.0282   4062827.7004
 -2220678.8635   4407270.9481   4062807.1511
 -2220732.1241   4407288.2613   4062785.9889
 -2220785.4241   4407305.5429   4062765.1846
 -2220838.6487   4407322.4307   4062744.3618
 -2220892.1403   4407339.4634   4062723.4693
 -2220946.0073   4407356.7414   4062702.6790
 -2221000.0031   4407374.5016   4062682.2868
 -2221053.4827   4407391.9636   4062661.4286
 -2221106.7623   4407408.6227   4062640.4596
 -2221161.2023   4407426.5775   4062620.6034
 -2221214.5718   4407443.1395   4062598.5897
 -2221268.3980   4407460.2349   4062577.3733
 -2221321.2460   4407477.8826   4062557.0056
 -2221375.0389   4407495.6550   4062537.0916
 -2221428.5912   4407512.5632   4062515.9309
 -2221482.6518   4407529.6425   4062494.8447
 -2221535.5273   4407546.1171   4062473.4611
 -2221589.6170   4407563.8193   4062452.8337
 -2221642.8509   4407581.4433   4062432.6230
 -2221696.5080   4407598.9090   4062411.7691
 -2221750.1683   4407615.3412   4062390.6911
 -2221803.6384   4407632.4465   4062369.9945
 -2221857.1310   4407649.9346   4062349.3717
 -2221911.0071   4407667.0822   4062328.5910
 -2221964.7615   4407684.1885   4062307.7191
 -2222018.5874   4407702.2106   4062287.5696
 -2222071.4879   4407718.3846   4062265.5392
 -2222125.5396   4407736.3986   4062245.3458
 -2222178.9685   4407753.2332   4062224.3968
 -2222232.5336   4407771.0900   4062203.5268
 -2222286.7549   4407788.2172   4062183.4970
 -2222340.3313   4407805.1542   4062162.0503
 -2222392.9520   4407821.9769   4062141.3885
 -2222446.3210   4407839.4633   4062120.3926
 -2222500.1222   4407856.9051   4062099.7250
 -2222553.8205   4407873.8695   4062078.5574
 -2222607.8407   4407891.2315   4062057.8951
 -2222661.1101   4407908.3010   4062037.1185
 -2222714.6446   4407925.9233   4062016.6943
 -2222768.6162   4407943.4509   4061995.9211
 -2222822.2046   4407959.8278   4061974.6965
 -2222875.9637   4407977.9241   4061954.2534
 -2222929.2674   4407994.5189   4061932.7630
 -2222982.5728   4408011.7973   4061912.4444
 -2223035.5479   4408028.6467   4061891.2349
 -2223089.1319   4408046.1792   4061870.7429
 -2223143.3372   4408063.8367   4061850.4263
 -2223196.7010   4408080.9429   4061829.4275
 -2223249.9836   4408097.8725   4061808.2986
 -2223305.0362   4408115.9902   4061788.5532
 -2223357.6704   4408132.5135   4061766.7175
 -2223411.3710   4408149.4839   4061745.9739
 -2223464.3494   4408166.5811   4061724.9325
 -2223518.4801   4408183.8650   4061704.0263
 -2223571.2073   4408201.0596   4061683.2704
 -2223625.2628   4408218.7002   4061662.8632
 -2223679.1234   4408236.3328   4061641.8414
 -2223732.6525   4408253.5056   4061621.4351
 -2223786.2792   4408270.7163   4061600.6493
 -2223839.8914   4408288.1460   4061579.7530
 -2223893.3633   4408304.8557   4061558.4897
 -2223947.2806   4408321.6965   4061537.3062
 -2224000.8566   4408339.4742   4061517.2607
 -2224053.2241   4408356.0198   4061496.1365
 -2224107.0817   4408373.5241   4061474.9089
 -2224160.9805   4408391.1497   4061454.1945
 -2224215.1111   4408408.4537   4061433.9184
 -2224268.5519   4408425.4416   4061412.8675
 -2224321.8505   4408442.7696   4061392.4781
 -2224375.2757   4408459.4316   4061370.3867
 -2224429.0095   4408476.8800   4061350.1892
 -2224482.9148   4408494.3429   4061329.7040
 -2224536.1970   4408511.8275   4061309.2339
 -2224589.2339   4408528.9354   4061288.4145
 -2224643.2413   4408546.1284   4061267.3467
 -2224697.1576   4408563.2825   4061246.3111
 -2224751.2028   4408580.7305   4061225.5992
 -2224804.5241   4408597.9363   4061204.7365
 -2224857.5880   4408614.8489   4061183.9745
 -2224910.9298   4408632.0275   4061163.0406
 -2224965.2408   4408649.9387   4061142.4521
 -2225018.4254   4408667.0374   4061121.6290
 -2225071.6139   4408683.6605   4061100.6631
 -2225125.6974   4408701.2849   4061079.9738
 -2225179.6039   4408718.6477   4061058.7892
 -2225232.8071   4408735.8639   4061038.0009
 -2225286.0152   4408753.2004   4061017.2603
 -2225339.9912   4408770.0311   4060996.2477
 -2225394.1187   4408787.9006   4060976.0903
 -2225446.8669   4408805.3374   4060954.6945
 -2225500.1271   4408822.1935   4060933.5631
 -2225553.9761   4408838.7199   4060913.2003
 -2225606.8642   4408855.9288   4060891.4519
 -2225660.2334   4408873.3939   4060871.0536
 -2225714.5133   4408891.5631   4060850.7980
 -2225768.7827   4408908.5105   4060830.3644
